sample	season	plant	stratum	catabund	richness	sw_index	nleaves	herbivory	plant_height_cm	structural_pd	among_structural_pd	within_structural_pd	comp_PC1	comp_PC2	within_comp_PC1	within_comp_PC2	among_comp_PC1	among_comp_PC2
3h1	1	3	1	1	1	1	22	0.107968392	119	93.59694476	102.4042295	-8.807284743	-3.231228079	1.502030166	0.63929561	-0.092000534	-3.870523689	1.594030699
3h2	1	3	2	1	1	1	32	0.094280249	119	114.5680732	102.4042295	12.1638437	-4.269789769	2.407384714	-0.39926608	0.813354014	-3.870523689	1.594030699
3h3	1	3	3	0	0	1	19	0.142198156	119	99.04767054	102.4042295	-3.356558962	-4.110553219	0.872677218	-0.24002953	-0.721353481	-3.870523689	1.594030699
5h1	1	5	1	0	0	1	14	0.076145733	146	104.231761	102.0803942	2.151366827	-3.816152676	-2.34430485	0.070303533	-1.594875725	-3.886456208	-0.749429126
5h2	1	5	2	0	0	1	26	0.108014875	146	100.4135415	102.0803942	-1.666852662	-3.876949594	1.048435021	0.009506614	1.797864146	-3.886456208	-0.749429126
5h3	1	5	3	1	1	1	135	0.077383835	146	101.59588	102.0803942	-0.484514166	-3.966266356	-0.952417547	-0.079810147	-0.202988422	-3.886456208	-0.749429126
9h1	1	9	1	0	0	1	80	0.055726323	124	123.8175719	116.8863678	6.931204059	-2.837065416	0.194582828	1.332195127	0.275232567	-4.169260542	-0.080649739
9h2	1	9	2	0	0	1	31	0.010577051	124	115.691955	116.8863678	-1.194412787	-5.042903451	1.032546959	-0.873642908	1.113196698	-4.169260542	-0.080649739
9h3	1	9	3	2	1	1	35	0.062676905	124	111.1495765	116.8863678	-5.736791272	-4.62781276	-1.469079004	-0.458552218	-1.388429265	-4.169260542	-0.080649739
10h1	1	10	1	2	2	2	56	0.099808884	174	91.88479302	94.64868763	-2.763894607	-2.00403018	-0.327920441	1.557420822	-1.409934788	-3.561451002	1.082014346
10h2	1	10	2	0	0	1	105	0.039731428	174	88.65750858	94.64868763	-5.991179048	-5.302457246	2.011633012	-1.741006244	0.929618665	-3.561451002	1.082014346
10h3	1	10	3	1	1	1	73	0.0903495	174	103.4037613	94.64868763	8.755073655	-3.37786558	1.562330469	0.183585422	0.480316122	-3.561451002	1.082014346
14h1	1	14	1	2	1	1	203	0.104062182	180	96.84716479	102.5815848	-5.734420039	-4.918947651	2.396226029	-0.011711395	1.194318405	-4.907236256	1.201907624
14h2	1	14	2	2	2	2	176	0.125326389	180	103.604115	102.5815848	1.022530185	-5.189241186	2.632086552	-0.28200493	1.430178928	-4.907236256	1.201907624
14h3	1	14	3	1	1	1	72	0.129329067	180	107.2934747	102.5815848	4.711889854	-4.61351993	-1.422589709	0.293716326	-2.624497333	-4.907236256	1.201907624
18h1	1	18	1	1	1	1	55	0.259815041	199	112.7459732	117.01444	-4.268466825	-2.78777281	-1.291267443	0.232191374	-0.12325784	-3.019964184	-1.168009603
18h2	1	18	2	0	0	1	24	0.206486216	199	120.530369	117.01444	3.515929029	-2.79245066	-1.161125774	0.227513524	0.006883829	-3.019964184	-1.168009603
18h3	1	18	3	1	1	1	135	0.173987008	199	117.7669778	117.01444	0.752537796	-3.479669082	-1.051635592	-0.459704898	0.116374011	-3.019964184	-1.168009603
20h1	1	20	1	0	0	1	33	0.132738762	125	118.6236225	120.1507746	-1.527152136	-3.660195844	-2.137492713	0.477011655	-0.284989637	-4.137207498	-1.852503076
20h2	1	20	2	0	0	1	62	0.118287859	125	116.5263401	120.1507746	-3.624434473	-4.011097226	-1.974231846	0.126110272	-0.12172877	-4.137207498	-1.852503076
20h3	1	20	3	0	0	1	61	0.030894755	125	125.3023612	120.1507746	5.151586608	-4.740329425	-1.445784669	-0.603121927	0.406718407	-4.137207498	-1.852503076
25h1	1	25	1	0	0	1	99	0.09783637	191	109.8503412	107.8755503	1.974790919	-2.578958613	-4.94868202	-0.496960244	0.044844686	-2.081998369	-4.993526707
25h2	1	25	2	0	0	1	138	0.060536851	191	102.5259654	107.8755503	-5.349584944	-1.852556731	-4.604552388	0.229441638	0.388974319	-2.081998369	-4.993526707
25h3	1	25	3	0	0	1	83	0.10311511	191	111.2503443	107.8755503	3.374794025	-1.814479763	-5.427345712	0.267518606	-0.433819005	-2.081998369	-4.993526707
29h1	1	29	1	1	1	1	23	0.151751235	90	117.8318246	115.9225382	1.909286479	-3.075134414	-0.456293609	-0.100984401	-0.330257575	-2.974150013	-0.126036034
29h2	1	29	2	0	0	1	35	0.056020856	90	108.1336998	115.9225382	-7.788838369	-2.958143299	-0.100512838	0.016006714	0.025523196	-2.974150013	-0.126036034
29h3	1	29	3	1	1	1	36	0.078734859	90	121.8020901	115.9225382	5.87955189	-2.889172326	0.178698345	0.084977687	0.304734379	-2.974150013	-0.126036034
30h1	1	30	1	2	1	1	108	0.066115459	178	119.8341929	121.2475938	-1.413400912	-2.995642274	-0.013734226	0.099085236	0.952054971	-3.094727509	-0.965789197
30h2	1	30	2	0	0	1	56	0.082194241	178	111.214438	121.2475938	-10.03315579	-3.506550235	-1.182389616	-0.411822726	-0.216600419	-3.094727509	-0.965789197
30h3	1	30	3	0	0	1	48	0.029905144	178	132.6941505	121.2475938	11.4465567	-2.781990019	-1.701243748	0.31273749	-0.735454552	-3.094727509	-0.965789197
33h1	1	33	1	0	0	1	18	0.04355438	82	99.12632462	112.2662326	-13.13990794	-2.315310887	0.498961804	0.915334659	0.10735781	-3.230645546	0.391603995
33h2	1	33	2	0	0	1	10	0.003037515	82	115.1434852	112.2662326	2.877252693	-3.360703173	-0.559263248	-0.130057627	-0.950867242	-3.230645546	0.391603995
33h3	1	33	3	0	1	1	10	0.090514079	82	122.5288878	112.2662326	10.26265524	-4.015922577	1.235113427	-0.785277032	0.843509433	-3.230645546	0.391603995
39h1	1	39	1	1	1	1	67	0.12993271	202	87.06960955	97.18430807	-10.11469852	-3.5640773	0.166260183	-0.394469875	0.616654795	-3.169607425	-0.450394612
39h2	1	39	2	0	0	1	74	0.211199967	202	100.0919595	97.18430807	2.907651396	-3.27847569	0.077200186	-0.108868265	0.527594798	-3.169607425	-0.450394612
39h3	1	39	3	0	0	1	72	0.188344038	202	104.3913552	97.18430807	7.207047122	-2.666269285	-1.594644206	0.50333814	-1.144249594	-3.169607425	-0.450394612
43h1	1	43	1	0	0	1	11	0.25896138	66	91.28583273	99.68734475	-8.401512016	-2.694773636	0.817002115	-0.59332742	0.43252158	-2.101446216	0.384480536
43h2	1	43	2	0	0	1	10	0.238261062	66	99.55224962	99.68734475	-0.135095126	-1.731807578	0.253022582	0.369638638	-0.131457954	-2.101446216	0.384480536
43h3	1	43	3	0	0	1	10	0.281602965	66	108.2239519	99.68734475	8.536607143	-1.877757435	0.08341691	0.223688782	-0.301063626	-2.101446216	0.384480536
49h1	1	49	1	1	1	1	27	0.055034826	105	106.020097	109.1211366	-3.101039681	-2.400803328	-0.743826889	0.356135606	-0.465818624	-2.756938934	-0.278008265
49h2	1	49	2	1	1	1	21	0.186024856	105	97.43344906	109.1211366	-11.68768758	-3.686750286	0.329586839	-0.929811352	0.607595103	-2.756938934	-0.278008265
49h3	1	49	3	0	0	1	36	0.151522921	105	123.9098639	109.1211366	14.78872726	-2.183263188	-0.419784744	0.573675746	-0.141776479	-2.756938934	-0.278008265
50h1	1	50	1	9	3	2.336573541	82	0.163340054	162	104.8832426	106.3844658	-1.501223186	-2.734022143	0.636198789	-0.371913253	0.122420391	-2.36210889	0.513778398
50h2	1	50	2	5	1	1	48	0.145642656	162	106.374128	106.3844658	-0.010337851	-2.382939121	0.10816209	-0.020830231	-0.405616308	-2.36210889	0.513778398
50h3	1	50	3	4	1	1	94	0.053891465	162	107.8960269	106.3844658	1.511561037	-1.969365405	0.796974316	0.392743484	0.283195917	-2.36210889	0.513778398
51h1	1	51	1	0	0	1	14	0.086330636	102	104.6757851	100.3892042	4.286580833	-2.987765062	0.307917925	-0.208280782	-0.156157879	-2.77948428	0.464075804
51h2	1	51	2	1	1	1	31	0.154099039	102	93.73592762	100.3892042	-6.653276627	-1.928776351	0.444922052	0.850707929	-0.019153752	-2.77948428	0.464075804
51h3	1	51	3	3	1	1	36	0.161438914	102	102.7559	100.3892042	2.366695794	-3.421911428	0.639387435	-0.642427148	0.175311631	-2.77948428	0.464075804
52h1	1	52	1	4	1	1	105	0.099220759	191	102.0192426	94.86242244	7.156820146	-1.45228361	0.06606415	1.336612701	-0.291141597	-2.788896311	0.357205747
52h2	1	52	2	1	1	1	58	0.04737163	191	96.42593138	94.86242244	1.56350894	-2.180654333	-0.33309569	0.608241979	-0.690301437	-2.788896311	0.357205747
52h3	1	52	3	8	2	1.457569265	150	0.097436051	191	86.14209336	94.86242244	-8.720329086	-4.733750991	1.338648782	-1.944854679	0.981443034	-2.788896311	0.357205747
54h1	1	54	1	1	1	1	38	0.208896223	160	116.243055	115.0973368	1.145718251	-1.831588719	-0.749088685	0.452873143	-0.21333436	-2.284461862	-0.535754326
54h2	1	54	2	1	1	1	79	0.174213217	160	110.7157007	115.0973368	-4.381636051	-1.747499856	-0.677272094	0.536962006	-0.141517769	-2.284461862	-0.535754326
54h3	1	54	3	6	3	2.749459274	78	0.17980623	160	118.3332546	115.0973368	3.235917799	-3.274297011	-0.180902197	-0.989835149	0.354852128	-2.284461862	-0.535754326
56h1	1	56	1	2	1	1	55	0.196462127	196	107.8637168	106.5576072	1.306109602	-3.168027769	0.292488373	0.934017253	-1.035295586	-4.102045022	1.327783959
56h2	1	56	2	2	1	1	67	0.139161731	196	109.9392661	106.5576072	3.381658852	-5.077995131	1.840586122	-0.975950109	0.512802163	-4.102045022	1.327783959
56h3	1	56	3	3	2	1.889881575	104	0.127715336	196	101.8698388	106.5576072	-4.687768455	-4.060112166	1.850277382	0.041932855	0.522493423	-4.102045022	1.327783959
60h1	1	60	1	4	2	2	138	0.240112643	282	54.38935984	74.19406125	-19.80470141	-3.844724773	0.924948508	0.577712774	1.071222554	-4.422437547	-0.146274046
60h2	1	60	2	2	2	2	196	0.099914069	282	82.39491799	74.19406125	8.200856748	-4.43718095	-2.257183123	-0.014743403	-2.110909077	-4.422437547	-0.146274046
60h3	1	60	3	2	1	1	197	0.141418036	282	85.7979059	74.19406125	11.60384466	-4.985406918	0.893412478	-0.562969371	1.039686523	-4.422437547	-0.146274046
63h1	1	63	1	2	1	1	38	0.243219519	99	80.32195881	78.57158883	1.750369978	-4.014280955	-0.25768546	0.27947427	-0.205203059	-4.293755225	-0.052482402
63h2	1	63	2	0	0	1	40	0.03988804	99	85.19514889	78.57158883	6.623560058	-4.769834773	0.086860366	-0.476079548	0.139342768	-4.293755225	-0.052482402
63h3	1	63	3	1	1	1	63	0.109612448	99	70.19765879	78.57158883	-8.373930036	-4.097149947	0.013377889	0.196605278	0.065860291	-4.293755225	-0.052482402
68h1	1	68	1	1	1	1	60	0.194594389	187	47.92070916	67.74958694	-19.82887778	-2.027595406	-1.485814528	0.816471482	-0.537178375	-2.844066888	-0.948636153
68h2	1	68	2	2	1	1	50	0.235369256	187	71.6521867	67.74958694	3.902599763	-4.308642495	-0.393906928	-1.464575607	0.554729224	-2.844066888	-0.948636153
68h3	1	68	3	4	1	1	83	0.11280079	187	83.67586496	67.74958694	15.92627802	-2.195962764	-0.966187002	0.648104124	-0.017550849	-2.844066888	-0.948636153
70h1	1	70	1	3	1	1	16	0.19240585	190	107.77971	104.7657158	3.01399418	-5.172357547	1.032356739	-0.537804214	0.652421571	-4.634553333	0.379935168
70h2	1	70	2	0	0	1	31	0.191307378	190	101.7403685	104.7657158	-3.025347283	-4.957771434	-0.585325651	-0.323218101	-0.965260819	-4.634553333	0.379935168
70h3	1	70	3	5	1	1	93	0.134563194	190	104.7770689	104.7657158	0.011353104	-3.773531018	0.692774417	0.861022315	0.312839248	-4.634553333	0.379935168
71h1	1	71	1	1	1	1	23	0.175188286	121	37.6471958	55.58468541	-17.9374896	-3.407176541	1.988528331	-0.299687466	0.799596964	-3.107489076	1.188931367
71h2	1	71	2	0	0	1	15	0.125338564	121	68.92164809	55.58468541	13.33696268	-3.93729357	0.72832575	-0.829804494	-0.460605618	-3.107489076	1.188931367
71h3	1	71	3	4	3	2.828427125	64	0.124555317	121	60.18521233	55.58468541	4.600526924	-1.977997116	0.849940021	1.12949196	-0.338991346	-3.107489076	1.188931367
72h1	1	72	1	0	0	1	42	0.202769614	168	73.7571316	69.73137974	4.02575186	-4.187810523	1.192696772	0.247336388	0.277648531	-4.435146911	0.915048241
72h2	1	72	2	2	2	2	36	0.115601284	168	55.31472242	69.73137974	-14.41665732	-5.049987929	1.047197838	-0.614841019	0.132149597	-4.435146911	0.915048241
72h3	1	72	3	2	2	2	37	0.252439587	168	80.12228519	69.73137974	10.39090546	-4.06764228	0.505250114	0.367504631	-0.409798127	-4.435146911	0.915048241
73h1	1	73	1	3	1	1	88	0.426480742	267	95.87553243	99.77464917	-3.899116748	-1.638593139	0.240472613	0.053560781	-0.038593582	-1.69215392	0.279066195
73h2	1	73	2	2	2	2	161	0.149522492	267	101.9467479	99.77464917	2.172098729	-1.70622962	-0.139940266	-0.014075699	-0.419006461	-1.69215392	0.279066195
73h3	1	73	3	5	1	1	137	0.119281284	267	101.5016672	99.77464917	1.727018019	-1.731639002	0.736666238	-0.039485082	0.457600043	-1.69215392	0.279066195
75h1	1	75	1	3	1	1	20	0.146750459	70	68.75436632	77.5914259	-8.837059576	-5.336394344	1.287348674	-0.348371348	-0.097682835	-4.988022996	1.385031509
75h2	1	75	2	1	1	1	17	0.127396062	70	63.87007103	77.5914259	-13.72135487	-4.996670061	1.628790886	-0.008647064	0.243759377	-4.988022996	1.385031509
75h3	1	75	3	1	1	1	19	0.134131425	70	100.1498403	77.5914259	22.55841444	-4.631004585	1.238954967	0.357018412	-0.146076542	-4.988022996	1.385031509
77h1	1	77	1	1	1	1	26	0.22129117	105	41.89211296	56.92733698	-15.03522402	-5.429508817	2.211690797	-0.129898609	0.242309505	-5.299610208	1.969381292
77h2	1	77	2	2	2	2	44	0.147905217	105	53.03122033	56.92733698	-3.896116656	-5.837228096	1.600334362	-0.537617888	-0.369046929	-5.299610208	1.969381292
77h3	1	77	3	3	1	1	76	0.122282695	105	75.85867766	56.92733698	18.93134068	-4.63209371	2.096118715	0.667516497	0.126737424	-5.299610208	1.969381292
80h1	1	80	1	0	0	1	13	0.304122016	247	104.7603589	100.9544012	3.80595774	-3.778893515	-1.446665216	0.580136824	-0.680222208	-4.359030339	-0.766443008
80h2	1	80	2	6	2	2	68	0.210441342	247	95.00398768	100.9544012	-5.950413479	-4.772707833	0.69682953	-0.413677494	1.463272538	-4.359030339	-0.766443008
80h3	1	80	3	5	2	1.960131704	80	0.237361023	247	103.0988569	100.9544012	2.144455739	-4.525489669	-1.549493339	-0.16645933	-0.78305033	-4.359030339	-0.766443008
86h1	1	86	1	8	2	1.937819241	66	0.154279161	296	26.55716639	61.04858641	-34.49142002	-5.50236955	1.957322232	-0.17862601	1.18913069	-5.32374354	0.768191541
86h2	1	86	2	4	1	1	80	0.167194647	296	73.05752799	61.04858641	12.00894158	-5.170840671	-1.094084879	0.152902869	-1.86227642	-5.32374354	0.768191541
86h3	1	86	3	13	2	1.536217186	186	0.117600084	296	83.53106484	61.04858641	22.48247843	-5.2980204	1.441337272	0.025723141	0.67314573	-5.32374354	0.768191541
87h1	1	87	1	2	1	1	103	0.194013243	169	74.22731859	85.33137024	-11.10405165	-3.739225413	-0.802179719	-0.126826793	-0.157402008	-3.61239862	-0.644777711
87h2	1	87	2	2	2	2	29	0.151661286	169	81.42301335	85.33137024	-3.908356882	-3.816640653	-0.904539459	-0.204242033	-0.259761748	-3.61239862	-0.644777711
87h3	1	87	3	3	2	1.889881575	77	0.113899135	169	100.3437788	85.33137024	15.01240853	-3.281329794	-0.227613956	0.331068826	0.417163755	-3.61239862	-0.644777711
90h1	1	90	1	2	1	1	62	0.19514915	156	62.37067361	56.03745831	6.333215295	-5.645204648	0.303160641	-0.302351394	-1.198455635	-5.342853254	1.501616276
90h2	1	90	2	2	2	2	20	0.230382921	156	58.37137456	56.03745831	2.333916242	-5.128886497	2.040983738	0.213966757	0.539367462	-5.342853254	1.501616276
90h3	1	90	3	4	4	4	51	0.228875356	156	47.37032678	56.03745831	-8.667131537	-5.254468617	2.16070445	0.088384637	0.659088173	-5.342853254	1.501616276
92h1	1	92	1	3	2	1.889881575	54	0.172448262	174	55.4055543	63.50561927	-8.100064962	-5.758308469	0.480722787	-0.861011374	-1.130933573	-4.897297095	1.61165636
92h2	1	92	2	0	0	1	26	0.319998222	174	53.70460718	63.50561927	-9.801012084	-4.483825065	3.715840718	0.41347203	2.104184358	-4.897297095	1.61165636
92h3	1	92	3	9	2	1.417411181	93	0.131972032	174	81.40669631	63.50561927	17.90107705	-4.449757752	0.638405574	0.447539343	-0.973250786	-4.897297095	1.61165636
93h1	1	93	1	4	2	1.754765351	17	0.198368193	102	61.72621843	59.99196668	1.734251751	-4.601092821	4.272290002	-0.038587258	2.364326607	-4.562505563	1.907963395
93h2	1	93	2	1	1	1	77	0.203125617	102	51.12334401	59.99196668	-8.868622665	-3.779183887	1.532663407	0.783321676	-0.375299988	-4.562505563	1.907963395
93h3	1	93	3	2	2	2	23	0.322475863	102	67.12633759	59.99196668	7.134370913	-5.307239981	-0.081063224	-0.744734418	-1.989026619	-4.562505563	1.907963395
94h1	1	94	1	1	1	1	39	0.239205022	112	45.32624244	78.98845033	-33.66220789	-4.236935009	3.092661514	-0.064475974	1.262026002	-4.172459034	1.830635512
94h2	1	94	2	0	0	1	25	0.239205918	112	56.46194075	78.98845033	-22.52650958	-4.432488595	1.025708194	-0.260029561	-0.804927318	-4.172459034	1.830635512
94h3	1	94	3	0	0	1	48	0.077644487	112	135.1771678	78.98845033	56.18871747	-3.847953499	1.373536828	0.324505535	-0.457098684	-4.172459034	1.830635512
97h1	1	97	1	3	1	1	48	0.173395503	216	103.1663331	102.6558239	0.510509195	-5.149202352	1.705758455	0.353541839	0.404117156	-5.502744192	1.301641298
97h2	1	97	2	1	1	1	48	0.054601663	216	101.1689673	102.6558239	-1.486856667	-6.613591189	2.301007405	-1.110846997	0.999366107	-5.502744192	1.301641298
97h3	1	97	3	2	1	1	41	0.121155684	216	103.6321714	102.6558239	0.976347472	-4.745439034	-0.101841965	0.757305158	-1.403483263	-5.502744192	1.301641298
4h1	2	4	1	0	0	1	104	0.10375278	157	95.41770466	93.61462738	1.803077282	-2.304274996	0.282052777	0.493953799	0.952516327	-2.798228795	-0.67046355
4h2	2	4	2	0	0	1	95	0.113557227	157	91.08064328	93.61462738	-2.533984095	-3.315036396	0.711979934	-0.516807601	1.382443484	-2.798228795	-0.67046355
4h3	2	4	3	0	0	1	94	0.092492206	157	94.34553419	93.61462738	0.730906813	-2.775374994	-3.005423361	0.022853801	-2.334959811	-2.798228795	-0.67046355
8h1	2	8	1	0	0	1	99	0.068476044	176	118.2183664	115.6811057	2.537260687	-3.495324055	-0.529296486	-3.724573469	-0.280560949	0.229249414	-0.248735538
8h2	2	8	2	0	0	1	112	0.021430103	176	128.3272487	115.6811057	12.64614303	8.503486241	0.17034452	8.274236827	0.419080058	0.229249414	-0.248735538
8h3	2	8	3	0	0	1	58	0.214309803	176	100.497702	115.6811057	-15.18340371	-4.320413945	-0.387254647	-4.549663359	-0.138519109	0.229249414	-0.248735538
11h1	2	11	1	0	0	1	35	0.089802043	149	100.4483905	101.7684316	-1.320041171	8.417927734	0.171750018	3.772098699	0.119462914	4.645829035	0.052287104
11h2	2	11	2	0	0	1	125	0.073452751	149	98.30939979	101.7684316	-3.45903184	8.374841617	0.176234419	3.729012583	0.123947316	4.645829035	0.052287104
11h3	2	11	3	0	0	1	141	0.088027656	149	106.5475046	101.7684316	4.779073011	-2.855282247	-0.191123126	-7.501111282	-0.24341023	4.645829035	0.052287104
12h1	2	12	1	3	1	1	130	0.111855109	160	125.7821096	119.2742877	6.507821927	8.587198144	0.167263797	7.534549403	0.391335129	1.052648741	-0.224071332
12h2	2	12	2	0	0	1	60	0.042998254	160	110.0818321	119.2742877	-9.192455615	-1.910924315	-0.177128997	-2.963573056	0.046942335	1.052648741	-0.224071332
12h3	2	12	3	0	0	1	32	0.003966208	160	121.9589214	119.2742877	2.684633688	-3.518327606	-0.662348795	-4.570976347	-0.438277463	1.052648741	-0.224071332
13h1	2	13	1	0	0	1	76	0.058777898	154	106.6580818	113.1576101	-6.499528267	8.509440627	0.203091112	-0.006472429	0.014989444	8.515913056	0.188101668
13h2	2	13	2	0	0	1	71	0.099440973	154	109.5407327	113.1576101	-3.616877401	8.5240632	0.180768563	0.008150144	-0.007333105	8.515913056	0.188101668
13h3	2	13	3	1	1	1	105	0.203767436	154	123.2740157	113.1576101	10.11640567	8.514235342	0.180445329	-0.001677714	-0.007656339	8.515913056	0.188101668
21h1	2	21	1	0	0	1	45	0.181372149	179	110.319157	106.1943724	4.124784561	8.457054927	0.186591449	6.640069275	0.258704326	1.816985652	-0.072112878
21h2	2	21	2	0	0	1	58	0.102418623	179	97.85032346	106.1943724	-8.344048947	-1.304491999	0.193000045	-3.121477651	0.265112923	1.816985652	-0.072112878
21h3	2	21	3	0	0	1	106	0.052510192	179	110.4136368	106.1943724	4.219264386	-1.701605971	-0.595930127	-3.518591623	-0.52381725	1.816985652	-0.072112878
24h1	2	24	1	0	0	1	26	0.211670193	97	98.64869367	103.228594	-4.579900358	8.407980683	0.181112277	4.298421291	-0.294763734	4.109559392	0.475876011
24h2	2	24	2	0	0	1	60	0.212827159	97	97.63775926	103.228594	-5.590834763	8.408648943	0.175614285	4.299089552	-0.300261726	4.109559392	0.475876011
24h3	2	24	3	0	0	1	31	0.042387715	97	113.3993291	103.228594	10.17073512	-4.487951451	1.070901471	-8.597510843	0.59502546	4.109559392	0.475876011
26h1	2	26	1	0	0	1	194	0.035602884	202	109.3258156	99.25430295	10.07151264	8.448682807	0.16893113	7.839290419	-0.406783635	0.609392388	0.575714764
26h2	2	26	2	0	0	1	111	0.22919097	202	90.88450107	99.25430295	-8.369801886	-4.518922998	0.549500565	-5.128315386	-0.026214199	0.609392388	0.575714764
26h3	2	26	3	1	0	1	140	0.0689274	202	97.5525922	99.25430295	-1.70171075	-2.101582645	1.008712598	-2.710975033	0.432997834	0.609392388	0.575714764
28h1	2	28	1	3	1	1	208	0.091859631	270	103.6988628	105.3785667	-1.679703875	8.405404765	0.165115951	4.104041371	-0.642797499	4.301363394	0.80791345
28h2	2	28	2	0	0	1	448	0.044814306	270	107.2123078	105.3785667	1.833741088	-2.201484858	-0.083439279	-6.502848252	-0.891352729	4.301363394	0.80791345
28h3	2	28	3	0	0	1	202	0.139274977	270	105.2245295	105.3785667	-0.154037212	6.700170275	2.342063678	2.398806881	1.534150228	4.301363394	0.80791345
32h1	2	32	1	1	1	1	59	0.131478878	190	102.2694366	97.73400477	4.535431804	8.386541366	0.173832345	8.3385551	-0.101463966	0.047986266	0.27529631
32h2	2	32	2	0	0	1	196	0.034400937	190	96.6095924	97.73400477	-1.124412368	-3.52694645	0.666819625	-3.574932716	0.391523315	0.047986266	0.27529631
32h3	2	32	3	0	0	1	102	0.185212053	190	94.32298533	97.73400477	-3.411019436	-4.715636119	-0.014763038	-4.763622384	-0.290059349	0.047986266	0.27529631
34h1	2	34	1	0	0	1	60	0.071941691	196	111.5473636	121.7616968	-10.2143332	7.672756418	-0.167639198	3.567733228	0.232356274	4.10502319	-0.399995472
34h2	2	34	2	0	0	1	72	0.062051468	196	120.9258849	121.7616968	-0.835811912	7.731603676	-0.187907668	3.626580486	0.212087804	4.10502319	-0.399995472
34h3	2	34	3	0	0	1	28	0.029732138	196	132.8118419	121.7616968	11.05014511	-3.089290523	-0.844439551	-7.194313713	-0.444444079	4.10502319	-0.399995472
38h1	2	38	1	0	0	1	10	0.160244367	50	87.63590387	103.2451985	-15.6092946	8.547223519	0.180814896	7.087334349	0.074560899	1.45988917	0.106253998
38h2	2	38	2	0	0	1	13	0.036802661	50	97.26060393	103.2451985	-5.98459453	-2.251197119	0.197086482	-3.711086289	0.090832485	1.45988917	0.106253998
38h3	2	38	3	0	0	1	12	0.044514696	50	124.8390876	103.2451985	21.59388913	-1.91635889	-0.059139386	-3.37624806	-0.165393384	1.45988917	0.106253998
40h1	2	40	1	0	0	1	92	0.344840215	134	105.989401	109.7230188	-3.733617814	-1.516056045	-0.634928304	-6.736282206	-0.541674944	5.220226161	-0.09325336
40h2	2	40	2	1	1	1	33	0.246115754	134	104.7223937	109.7230188	-5.000625093	8.56911371	0.173092924	3.348887549	0.266346284	5.220226161	-0.09325336
40h3	2	40	3	0	0	1	90	0.1255486	134	118.4572617	109.7230188	8.734242907	8.607620817	0.182075299	3.387394657	0.27532866	5.220226161	-0.09325336
41h1	2	41	1	1	1	1	91	0.119036368	120	117.8607608	121.1019065	-3.241145776	8.140656397	2.589722617	-0.304557715	1.621724764	8.445214113	0.967997853
41h2	2	41	2	0	0	1	70	0.07480932	120	127.2222826	121.1019065	6.120376097	8.56494832	0.15510095	0.119734207	-0.812896903	8.445214113	0.967997853
41h3	2	41	3	1	0	1	134	0.027262187	120	118.2226762	121.1019065	-2.879230321	8.630037621	0.159169993	0.184823508	-0.808827861	8.445214113	0.967997853
44h1	2	44	1	0	0	1	22	0.05931555	96	107.4381912	109.4589262	-2.020734985	-1.363843602	-0.075466667	0.506373829	0.296955138	-1.870217431	-0.372421804
44h2	2	44	2	0	0	1	54	0.057522289	96	114.4203076	109.4589262	4.961381465	-2.072116644	-0.017414537	-0.201899213	0.355007267	-1.870217431	-0.372421804
44h3	2	44	3	0	0	1	57	0.07342106	96	106.5182797	109.4589262	-2.94064648	-2.174692047	-1.024384209	-0.304474616	-0.651962405	-1.870217431	-0.372421804
45h1	2	45	1	1	1	1	75	0.133363829	162	89.20622227	98.67847753	-9.472255263	-2.153235146	0.365316491	0.344821662	0.050770152	-2.498056809	0.314546339
45h2	2	45	2	0	0	1	119	0.146022177	162	93.72218989	98.67847753	-4.95628764	-3.019497512	0.663112766	-0.521440703	0.348566427	-2.498056809	0.314546339
45h3	2	45	3	1	1	1	142	0.125230919	162	113.1070204	98.67847753	14.4285429	-2.321437768	-0.08479024	0.176619041	-0.399336579	-2.498056809	0.314546339
55h1	2	55	1	0	0	1	125	0.089300246	256	77.82442465	88.24377656	-10.41935191	-2.429331562	2.102596464	-2.826253874	1.021571355	0.396922312	1.081025109
55h2	2	55	2	0	0	1	80	0.245459257	256	83.17954965	88.24377656	-5.06422691	8.378886542	0.167346414	7.98196423	-0.913678694	0.396922312	1.081025109
55h3	2	55	3	0	0	1	237	0.158409106	256	103.7273554	88.24377656	15.48357882	-4.758788045	0.973132448	-5.155710357	-0.107892661	0.396922312	1.081025109
57h1	2	57	1	0	0	1	81	0.084067699	187	98.31910517	100.517524	-2.198418792	8.417417979	0.17174106	3.824331429	0.610846502	4.59308655	-0.439105442
57h2	2	57	2	0	0	1	70	0.157985675	187	113.9405722	100.517524	13.42304823	-3.08339613	-1.654956695	-7.67648268	-1.215851254	4.59308655	-0.439105442
57h3	2	57	3	0	0	1	66	0.050632498	187	89.29289452	100.517524	-11.22462944	8.445237801	0.165899311	3.852151251	0.605004752	4.59308655	-0.439105442
58h1	2	58	1	0	0	1	44	0.058757526	110	86.73196448	83.33832991	3.393634569	-2.985782844	-1.081186464	-3.720468081	-0.856001705	0.734685237	-0.225184759
58h2	2	58	2	1	1	1	77	0.061613352	110	81.90769246	83.33832991	-1.430637456	8.32650494	0.173951808	7.591819703	0.399136567	0.734685237	-0.225184759
58h3	2	58	3	0	0	1	115	0.128831567	110	81.3753328	83.33832991	-1.962997113	-3.136666384	0.231680378	-3.871351622	0.456865138	0.734685237	-0.225184759
59h1	2	59	1	0	0	1	64	0.220435707	233	113.7440687	117.5466688	-3.802600152	7.324224688	-0.25037646	3.630152109	0.045495743	3.69407258	-0.295872202
59h2	2	59	2	0	0	1	106	0.161643523	233	110.7048093	117.5466688	-6.841859524	-3.877206412	-0.395475416	-7.571278991	-0.099603213	3.69407258	-0.295872202
59h3	2	59	3	0	0	1	51	0.217521711	233	128.1911285	117.5466688	10.64445968	7.635199462	-0.241764732	3.941126882	0.054107471	3.69407258	-0.295872202
61h1	2	61	1	0	0	1	12	0.192070901	86	51.16262197	55.20604231	-4.043420347	-1.761311402	-0.544734517	-2.557945998	1.031840576	0.796634595	-1.576575093
61h2	2	61	2	0	0	1	73	0.335032376	86	50.10677622	55.20604231	-5.099266089	-4.211053153	-4.351814935	-5.007687748	-2.775239842	0.796634595	-1.576575093
61h3	2	61	3	1	1	1	66	0.097680144	86	64.34872875	55.20604231	9.142686437	8.362268342	0.166824172	7.565633746	1.743399266	0.796634595	-1.576575093
62h1	2	62	1	0	0	1	39	0.121911371	200	115.7219299	120.4422	-4.720270052	8.498558919	0.183686331	8.213532282	0.250128471	0.285026637	-0.06644214
62h2	2	62	2	0	0	1	71	0.108547203	200	130.8788624	120.4422	10.43666239	-3.67934821	-0.221014771	-3.964374847	-0.15457263	0.285026637	-0.06644214
62h3	2	62	3	0	0	1	29	0.320988491	200	114.7258076	120.4422	-5.716392333	-3.964130797	-0.161997982	-4.249157435	-0.095555841	0.285026637	-0.06644214
64h1	2	64	1	0	0	1	12	0.303852439	170	50.48869044	65.65086991	-15.16217947	8.316586427	0.179027345	4.119434588	1.362516751	4.197151839	-1.183489406
64h2	2	64	2	0	0	1	95	0.156486276	170	71.54364406	65.65086991	5.892774146	-3.435716946	-3.586956285	-7.632868785	-2.403466878	4.197151839	-1.183489406
64h3	2	64	3	0	0	1	76	0.086877348	170	74.92027524	65.65086991	9.269405327	7.710586036	-0.142539279	3.513434197	1.040950127	4.197151839	-1.183489406
67h1	2	67	1	0	0	1	132	0.267553087	190	44.24215323	48.10631434	-3.864161114	-2.176287628	-1.018421202	-3.152597537	-0.520328822	0.976309909	-0.49809238
67h2	2	67	2	0	0	1	70	0.137504849	190	51.10709914	48.10631434	3.000784797	-3.229802025	-0.64817992	-4.206111934	-0.15008754	0.976309909	-0.49809238
67h3	2	67	3	0	0	1	79	0.153997815	190	48.96969066	48.10631434	0.863376317	8.335019379	0.172323982	7.35870947	0.670416362	0.976309909	-0.49809238
74h1	2	74	1	0	0	1	70	0.20810582	150	102.3590385	108.0587489	-5.699710366	-4.46720353	-0.087641468	-5.313952609	-0.001574419	0.846749079	-0.086067048
74h2	2	74	2	0	0	1	47	0.15931155	150	101.6027689	108.0587489	-6.455979995	-1.554679171	-0.322191322	-2.401428249	-0.236124274	0.846749079	-0.086067048
74h3	2	74	3	1	1	1	61	0.173548381	150	120.2144393	108.0587489	12.15569036	8.562129937	0.151631644	7.715380858	0.237698693	0.846749079	-0.086067048
76h1	2	76	1	0	0	1	65	0.073018309	135	103.4081256	104.4764816	-1.068355934	8.350411772	0.171711848	4.238477336	0.167981107	4.111934436	0.003730741
76h2	2	76	2	0	0	1	38	0.153491456	135	110.2377475	104.4764816	5.761265912	-3.037882787	-0.552178398	-7.149817222	-0.55590914	4.111934436	0.003730741
76h3	2	76	3	0	0	1	86	0.263057382	135	99.78357157	104.4764816	-4.692909978	7.023274322	0.391658774	2.911339887	0.387928033	4.111934436	0.003730741
79h1	2	79	1	0	0	1	13	0.385119571	130	67.64373289	60.46798493	7.175747955	7.23655643	-0.230469245	2.940856226	-0.060701838	4.295700204	-0.169767407
79h2	2	79	2	0	0	1	44	0.257840541	130	32.21417371	60.46798493	-28.25381123	-1.637033631	-0.033507627	-5.932733835	0.13625978	4.295700204	-0.169767407
79h3	2	79	3	0	0	1	75	0.137975382	130	81.5460482	60.46798493	21.07806327	7.287577813	-0.245325349	2.991877609	-0.075557942	4.295700204	-0.169767407
82h1	2	82	1	0	0	1	95	0.127086791	150	135.9027071	113.4625802	22.44012688	6.013809405	0.054932502	2.982274526	-0.029356161	3.03153488	0.084288662
82h2	2	82	2	0	0	1	60	0.118004313	150	93.45875298	113.4625802	-20.0038272	7.185391799	-0.221656219	4.153856919	-0.305944882	3.03153488	0.084288662
82h3	2	82	3	0	0	1	25	0.099076664	150	111.0262805	113.4625802	-2.436299677	-4.104596565	0.419589704	-7.136131445	0.335301042	3.03153488	0.084288662
83h1	2	83	1	0	0	1	36	0.376890569	180	92.25926469	109.8827049	-17.62344017	-4.795758586	0.562642188	-4.650093747	0.494562095	-0.145664838	0.068080094
83h2	2	83	2	0	0	1	21	0.230420812	180	112.7590809	109.8827049	2.876376027	7.293181294	-0.240796331	7.438846132	-0.308876424	-0.145664838	0.068080094
83h3	2	83	3	0	0	1	55	0.148605785	180	124.629769	109.8827049	14.74706414	-2.934417224	-0.117605577	-2.788752385	-0.18568567	-0.145664838	0.068080094
84h1	2	84	1	0	0	1	141	0.26864848	220	139.146964	136.6300429	2.516921098	7.39071214	-0.261991235	7.120505614	0.457231532	0.270206525	-0.719222767
84h2	2	84	2	0	0	1	93	0.289471546	220	135.1284528	136.6300429	-1.501590137	-2.963657816	-1.077087983	-3.233864342	-0.357865216	0.270206525	-0.719222767
84h3	2	84	3	0	0	1	60	0.146618756	220	135.6147119	136.6300429	-1.015330961	-3.616434747	-0.818589084	-3.886641272	-0.099366317	0.270206525	-0.719222767
85h1	2	85	1	0	0	1	48	0.360502801	110	70.48078546	86.5117995	-16.03101404	4.619463709	0.284267805	2.157133045	1.828069849	2.462330664	-1.543802044
85h2	2	85	2	0	0	1	43	0.100168327	110	94.9591578	86.5117995	8.447358295	-1.831423708	-5.205774116	-4.293754372	-3.661972073	2.462330664	-1.543802044
85h3	2	85	3	0	0	1	28	0.105080547	110	94.09545525	86.5117995	7.583655744	4.598951991	0.29010018	2.136621327	1.833902224	2.462330664	-1.543802044
88h1	2	88	1	0	0	1	59	0.137564904	210	90.46639845	89.52872589	0.937672557	-1.538558818	0.509592419	1.484904747	1.216487542	-3.023463565	-0.706895123
88h2	2	88	2	0	0	1	171	0.105637074	210	100.3028255	89.52872589	10.77409958	-3.142817306	-0.982228599	-0.119353741	-0.275333476	-3.023463565	-0.706895123
88h3	2	88	3	0	0	1	78	0.025376819	210	77.81695376	89.52872589	-11.71177214	-4.38901457	-1.648049189	-1.365551006	-0.941154066	-3.023463565	-0.706895123
89h1	2	89	1	1	1	1	192	0.125041126	196	123.607299	116.4848922	7.122406739	-3.426885937	0.178637921	0.532454344	0.322234965	-3.959340281	-0.143597044
89h2	2	89	2	1	1	1	52	0.119208123	196	112.7617711	116.4848922	-3.723121062	-4.452836588	-1.036190899	-0.493496307	-0.892593855	-3.959340281	-0.143597044
89h3	2	89	3	0	0	1	89	0.077350804	196	113.0856065	116.4848922	-3.399285677	-3.998298318	0.426761846	-0.038958037	0.57035889	-3.959340281	-0.143597044
91h1	2	91	1	0	0	1	15	0.169939164	165	58.33697696	62.21200723	-3.875030268	-4.897510378	1.017490788	-0.836967397	0.498341695	-4.060542981	0.519149092
91h2	2	91	2	0	0	1	46	0.218156952	165	63.37008278	62.21200723	1.158075557	-4.22336064	0.182371485	-0.162817659	-0.336777607	-4.060542981	0.519149092
91h3	2	91	3	0	0	1	53	0.027140191	165	64.92896194	62.21200723	2.716954711	-3.060757924	0.357585005	0.999785056	-0.161564088	-4.060542981	0.519149092
95h1	2	95	1	0	0	1	59	0.212169886	130	134.8919783	135.7369042	-0.844925864	-4.456191147	0.041192864	-0.122382547	-1.075938248	-4.3338086	1.117131112
95h2	2	95	2	0	0	1	29	0.205342056	130	134.4846463	135.7369042	-1.252257831	-3.536904508	1.170364711	0.796904093	0.053233598	-4.3338086	1.117131112
95h3	2	95	3	0	0	1	90	0.193289262	130	137.8340879	135.7369042	2.097183695	-5.008330146	2.139835762	-0.674521545	1.02270465	-4.3338086	1.117131112
96h1	2	96	1	0	0	1	18	0.279336988	96	84.8000606	99.73184586	-14.93178525	-2.414243155	0.366237043	0.422434191	-0.288424014	-2.836677346	0.654661057
96h2	2	96	2	0	0	1	41	0.151442428	96	97.28789594	99.73184586	-2.443949922	-2.764666407	1.767795875	0.072010939	1.113134818	-2.836677346	0.654661057
96h3	2	96	3	0	0	1	16	0.077981212	96	117.107581	99.73184586	17.37573518	-3.331122476	-0.170049748	-0.49444513	-0.824710805	-2.836677346	0.654661057
1h1	2	1	1	0	0	1	47	0.056731395	235	80.2074486	79.72416629	0.483282313	-2.31120962	1.471992076	1.067212823	-0.114197136	-3.378422443	1.586189212
1h2	2	1	2	1	1	1	80	0.045051645	235	64.91507019	79.72416629	-14.80909609	-4.627727778	2.319211665	-1.249305335	0.733022452	-3.378422443	1.586189212
1h3	2	1	3	2	2	2	70	0.013085533	235	94.04998007	79.72416629	14.32581378	-3.196329931	0.967363896	0.182092512	-0.618825316	-3.378422443	1.586189212
7h1	2	7	1	0	0	1	108	0.100952516	218	85.59028985	101.4776755	-15.88738568	8.524227708	0.168915142	3.952650328	0.17775975	4.57157738	-0.008844609
7h2	2	7	2	1	1	1	122	0.042718273	218	104.1054299	101.4776755	2.627754408	6.959030395	-0.093837657	2.387453015	-0.084993048	4.57157738	-0.008844609
7h3	2	7	3	0	0	1	115	0.020631377	218	114.7373068	101.4776755	13.25963127	-1.768525963	-0.10161131	-6.340103343	-0.092766702	4.57157738	-0.008844609
15h1	2	15	1	1	1	1	157	0.021634857	254	112.4189202	104.5945954	7.824324868	-3.364802358	-0.60026354	-3.911613093	-0.416098704	0.546810735	-0.184164836
15h2	2	15	2	0	0	1	141	0.0909365	254	93.30459638	104.5945954	-11.28999897	8.361291945	0.174126517	7.81448121	0.358291354	0.546810735	-0.184164836
15h3	2	15	3	1	1	1	166	0.065341962	254	108.0602695	104.5945954	3.465674104	-3.356057382	-0.126357486	-3.902868117	0.05780735	0.546810735	-0.184164836
16h1	2	16	1	0	0	1	76	0.082613768	141	67.57535449	84.23383531	-16.65848081	-4.014886944	1.784278305	-4.459555936	1.422715376	0.444668992	0.361562929
16h2	2	16	2	0	0	1	104	0.123441486	141	79.26955827	84.23383531	-4.964277034	8.269157038	0.183974559	7.824488046	-0.17758837	0.444668992	0.361562929
16h3	2	16	3	0	0	1	43	0.071973306	141	105.8565932	84.23383531	21.62275785	-2.920263118	-0.883564076	-3.36493211	-1.245127005	0.444668992	0.361562929
22h1	2	22	1	0	0	1	56	0.113435525	278	112.6457447	120.1850699	-7.539325263	-6.301446504	-0.531840048	-6.361527216	-0.326534757	0.060080711	-0.205305292
22h2	2	22	2	0	0	1	155	0.132962506	278	117.5568775	120.1850699	-2.628192461	8.384257813	0.166198029	8.324177102	0.371503321	0.060080711	-0.205305292
22h3	2	22	3	0	0	1	25	0.094963889	278	130.3525877	120.1850699	10.16751772	-1.902569175	-0.250273856	-1.962649886	-0.044968564	0.060080711	-0.205305292
23h1	2	23	1	0	0	1	17	0.08272005	220	105.3885143	106.4696616	-1.081147345	8.343734679	0.187932802	8.770226605	0.664614947	-0.426491926	-0.476682145
23h2	2	23	2	1	1	1	146	0.079336561	220	111.3304042	106.4696616	4.860742575	-4.479760222	1.163743736	-4.053268296	1.64042588	-0.426491926	-0.476682145
23h3	2	23	3	0	0	1	230	0.106641261	220	102.6900664	106.4696616	-3.77959523	-5.143450234	-2.781722972	-4.716958308	-2.305040827	-0.426491926	-0.476682145
27h1	2	27	1	0	0	1	86	0.13070483	124	107.1482158	103.1393517	4.008864068	8.513662313	0.15941702	4.107146631	0.012518362	4.406515682	0.146898658
27h2	2	27	2	0	0	1	153	0.10010718	124	109.8427539	103.1393517	6.703402158	8.497015485	0.16475468	4.090499804	0.017856023	4.406515682	0.146898658
27h3	2	27	3	0	0	1	241	0.071962117	124	92.42708547	103.1393517	-10.71226623	-3.791130753	0.116524273	-8.197646435	-0.030374385	4.406515682	0.146898658
31h1	2	31	1	0	0	1	79	0.029738729	140	114.4472331	102.3307354	12.11649763	8.459043435	0.167582456	4.001624331	2.08686771	4.457419104	-1.919285254
31h2	2	31	2	1	1	1	64	0.146120089	140	92.01090487	102.3307354	-10.31983056	8.381928627	0.171713349	3.924509524	2.090998603	4.457419104	-1.919285254
31h3	2	31	3	0	0	1	32	0.079900212	140	100.5340684	102.3307354	-1.79666707	-3.468714751	-6.097151568	-7.926133854	-4.177866313	4.457419104	-1.919285254
1bh1	2	1B	1	0	0	1	33	0.148166766	70	102.2884795	121.9933328	-19.70485335	-1.904069261	0.755043045	0.224644119	0.475687299	-2.128713379	0.279355746
1bh2	2	1B	2	0	0	1	43	0.01193395	70	126.1693323	121.9933328	4.17599947	-2.270737687	0.515062525	-0.142024308	0.235706779	-2.128713379	0.279355746
1bh3	2	1B	3	0	0	1	38	0.000868693	70	137.5221867	121.9933328	15.52885388	-2.21133319	-0.432038331	-0.082619811	-0.711394078	-2.128713379	0.279355746
2bh1	2	2B	1	0	0	1	8	0.188719292	81	101.2456215	103.543705	-2.298083523	-0.935411033	-5.290230341	0.011663182	-0.051070912	-0.947074215	-5.23915943
2bh2	2	2B	2	0	0	1	19	0.145813162	81	104.9967097	103.543705	1.453004711	-0.759814798	-5.211071447	0.187259418	0.028087982	-0.947074215	-5.23915943
2bh3	2	2B	3	1	1	1	27	0.088529136	81	104.3887838	103.543705	0.845078812	-1.145996816	-5.2161765	-0.1989226	0.022982929	-0.947074215	-5.23915943
6bh1	2	6B	1	1	1	1	15	0.056673944	45	86.82775075	88.62943251	-1.801681756	7.701931073	-0.202553992	6.661677389	-0.52247	1.040253684	0.319916008
6bh2	2	6B	2	0	0	1	5	0.131435494	45	79.29958562	88.62943251	-9.329846884	-2.28972246	1.205172628	-3.329976144	0.885256621	1.040253684	0.319916008
6bh3	2	6B	3	0	0	1	6	0.064087334	45	99.76096115	88.62943251	11.13152864	-2.29144756	-0.042870614	-3.331701244	-0.362786621	1.040253684	0.319916008
9bh1	2	9B	1	0	0	1	27	0.106929226	97	107.6564821	113.2590294	-5.602547354	-2.254817988	-0.231875703	0.974135614	-0.485720006	-3.228953602	0.253844302
9bh2	2	9B	2	0	0	1	41	0.021609554	97	112.5491642	113.2590294	-0.709865222	-2.141595427	-0.536414846	1.087358175	-0.790259149	-3.228953602	0.253844302
9bh3	2	9B	3	0	0	1	59	0.035678035	97	119.571442	113.2590294	6.312412576	-5.290447391	1.529823457	-2.061493789	1.275979154	-3.228953602	0.253844302
47h1	2	47	1	0	0	1	58	0.118609649	180	113.0743406	102.2828156	10.79152497	-1.679895017	-0.368050602	-3.23903147	-0.440465895	1.559136453	0.072415293
47h2	2	47	2	0	0	1	59	0.205653616	180	109.6003427	102.2828156	7.317527083	-1.913716845	0.414877315	-3.472853297	0.342462022	1.559136453	0.072415293
47h3	2	47	3	1	1	1	98	0.087328812	180	84.17376358	102.2828156	-18.10905205	8.27102122	0.170419165	6.711884767	0.098003873	1.559136453	0.072415293
12bh1	2	12B	1	0	0	1	11	0.083170928	86	118.8812917	101.8107606	17.07053102	-3.14512532	0.953575222	-3.877073646	-0.244246951	0.731948326	1.197822174
12bh2	2	12B	2	0	0	1	1	0.027649062	86	73.7108573	101.8107606	-28.09990334	-3.13011651	2.476529141	-3.862064836	1.278706967	0.731948326	1.197822174
12bh3	2	12B	3	0	0	1	25	0.051345986	86	112.840133	101.8107606	11.02937231	8.471086808	0.163362157	7.739138482	-1.034460016	0.731948326	1.197822174
13bh1	2	13B	1	0	0	1	26	0.077849923	42	115.8477015	119.3571084	-3.509406868	-1.673997419	0.273627876	-3.25035498	0.221001552	1.576357561	0.052626324
13bh2	2	13B	2	0	0	1	13	0.033638431	42	122.4249661	119.3571084	3.067857702	-2.075446492	-0.271646377	-3.651804054	-0.324272701	1.576357561	0.052626324
13bh3	2	13B	3	0	0	1	9	0.307580888	42	119.7986575	119.3571084	0.441549166	8.478516596	0.155897473	6.902159034	0.103271149	1.576357561	0.052626324
14bh1	2	14B	1	0	0	1	29	0.211272784	61	118.5215509	110.3578956	8.163655318	-2.87163348	-0.913531003	-7.575302832	-0.72019088	4.703669352	-0.193340123
14bh2	2	14B	2	0	0	1	14	0.053159841	61	97.32059466	110.3578956	-13.03730095	8.44870671	0.167772989	3.745037358	0.361113112	4.703669352	-0.193340123
14bh3	2	14B	3	0	0	1	8	0.08973062	61	115.2315413	110.3578956	4.873645636	8.533934826	0.165737645	3.830265474	0.359077768	4.703669352	-0.193340123
15bh1	2	15B	1	0	0	1	21	0.246954909	78	74.23412351	102.3186413	-28.08451775	8.547016449	0.171190661	6.891245625	0.947633542	1.655770824	-0.776442881
15bh2	2	15B	2	0	0	1	17	0.070023269	78	120.0015571	102.3186413	17.68291588	-1.428348826	-1.774545782	-3.08411965	-0.9981029	1.655770824	-0.776442881
15bh3	2	15B	3	0	0	1	19	0.055870683	78	112.7202431	102.3186413	10.40160187	-2.151355151	-0.725973524	-3.807125975	0.050469358	1.655770824	-0.776442881
16bh1	2	16B	1	0	0	1	13	0.124325594	59	125.6097931	122.4464187	3.163374386	-2.959370146	-0.599221464	-0.754665412	0.237789649	-2.204704734	-0.837011113
16bh2	2	16B	2	0	0	1	10	0.137182045	59	123.8156521	122.4464187	1.369233424	-1.728790383	-0.286194533	0.47591435	0.550816581	-2.204704734	-0.837011113
16bh3	2	16B	3	0	0	1	14	0.202691101	59	117.9138109	122.4464187	-4.53260781	-1.925953672	-1.625617343	0.278751062	-0.78860623	-2.204704734	-0.837011113
17bh1	2	17B	1	0	0	1	21	0.173994261	120	69.3408142	97.01825871	-27.67744452	-1.984504264	-0.313719054	0.35291216	0.278889158	-2.337416424	-0.592608211
17bh2	2	17B	2	0	0	1	46	0.000417595	120	113.7218283	97.01825871	16.70356958	-2.146168021	-0.718654923	0.191248403	-0.126046712	-2.337416424	-0.592608211
17bh3	2	17B	3	0	0	1	48	0.029399653	120	107.9921336	97.01825871	10.97387493	-2.881576988	-0.745450656	-0.544160563	-0.152842445	-2.337416424	-0.592608211
18bh1	2	18B	1	0	0	1	12	0.011918384	54	111.938393	115.4242184	-3.485825403	-1.75735695	-0.892809201	-6.662928477	-0.588710233	4.905571527	-0.304098968
18bh2	2	18B	2	0	0	1	10	0.0373625	54	116.962942	115.4242184	1.538723567	7.806856458	-0.18382952	2.901284931	0.120269448	4.905571527	-0.304098968
18bh3	2	18B	3	0	0	1	23	0.01966839	54	117.3713202	115.4242184	1.947101835	8.667215072	0.164341818	3.761643545	0.468440785	4.905571527	-0.304098968
24bh1	2	24B	1	0	0	1	16	0.149101832	52	133.5808856	120.3607508	13.22013482	-3.654247762	-0.065955893	-7.995081339	-0.155646454	4.340833577	0.089690561
24bh2	2	24B	2	0	0	1	13	0.3086577	52	98.80852866	120.3607508	-21.55222209	8.292432067	0.179613828	3.95159849	0.089923267	4.340833577	0.089690561
24bh3	2	24B	3	0	0	1	6	0.151016842	52	128.692838	120.3607508	8.332087278	8.384316427	0.155413749	4.043482849	0.065723188	4.340833577	0.089690561
25bh1	2	25B	1	0	0	1	42	0.242378603	125	102.560465	88.85199672	13.70846826	-2.360217737	0.454693811	-1.651744093	0.057650125	-0.708473644	0.397043685
25bh2	2	25B	2	0	0	1	3	0.48546009	125	50.13239139	88.85199672	-38.71960533	4.612572574	0.255935648	5.321046219	-0.141108037	-0.708473644	0.397043685
25bh3	2	25B	3	0	0	1	32	0.058505379	125	113.8631338	88.85199672	25.01113707	-4.37777577	0.480501598	-3.669302126	0.083457912	-0.708473644	0.397043685
26bh1	2	26B	1	1	1	1	24	0.250109212	52	120.7498199	109.6213135	11.12850638	-1.918773495	0.221253978	0.087465718	0.143301024	-2.006239213	0.077952953
26bh2	2	26B	2	0	0	1	11	0.167253649	52	118.5930212	109.6213135	8.971707715	-1.949229931	-0.131823274	0.057009282	-0.209776228	-2.006239213	0.077952953
26bh3	2	26B	3	0	0	1	12	0.126955196	52	89.52109941	109.6213135	-20.1002141	-2.150714214	0.144428157	-0.144475	0.066475203	-2.006239213	0.077952953
29bh1	2	29B	1	0	0	1	32	0.195143091	70	109.7374709	119.8222312	-10.08476028	-4.025559208	1.094686105	-0.563869544	1.36706699	-3.461689664	-0.272380885
29bh2	2	29B	2	0	0	1	16	0.164290425	70	122.9186717	119.8222312	3.096440505	-3.242547906	-1.954136647	0.219141758	-1.681755762	-3.461689664	-0.272380885
29bh3	2	29B	3	0	0	1	29	0.138948304	70	126.810551	119.8222312	6.988319773	-3.116961878	0.042307886	0.344727786	0.314688771	-3.461689664	-0.272380885
30bh1	2	30B	1	0	0	1	22	0.039263946	65	144.0966144	137.9406686	6.155945853	-2.180124579	0.02283894	0.918366792	0.45764785	-3.098491371	-0.434808909
30bh2	2	30B	2	0	0	1	19	0.013766635	65	136.4141909	137.9406686	-1.52647764	-3.67563265	-0.546085386	-0.577141279	-0.111276477	-3.098491371	-0.434808909
30bh3	2	30B	3	0	0	1	40	0.042409522	65	133.3112004	137.9406686	-4.629468213	-3.439716884	-0.781180282	-0.341225513	-0.346371373	-3.098491371	-0.434808909
31bh1	2	31B	1	0	0	1	13	0.053931946	40	125.9186776	120.6135761	5.305101511	6.972774554	0.382897782	-0.947064733	0.143201575	7.919839287	0.239696206
31bh2	2	31B	2	0	0	1	13	0.053381923	40	136.5204946	120.6135761	15.90691853	8.396629161	0.169582961	0.476789874	-0.070113245	7.919839287	0.239696206
31bh3	2	31B	3	0	0	1	12	0.110287116	40	99.40155608	120.6135761	-21.21202004	8.390114145	0.166607875	0.470274858	-0.073088331	7.919839287	0.239696206
2h1	1	2	1	2	1	1	122	0.071152303	304	97.36045167	114.3879348	-17.02748313	-1.687274549	1.239606339	-2.530365426	0.541573868	0.843090877	0.698032472
2h2	1	2	2	1	1	1	113	0.011791481	304	111.9046631	114.3879348	-2.483271689	-2.025358682	0.82516625	-2.868449559	0.127133779	0.843090877	0.698032472
2h3	1	2	3	0	0	1	54	0.020121137	304	133.8986896	114.3879348	19.51075482	6.241905861	0.029324825	5.398814984	-0.668707646	0.843090877	0.698032472
6h1	1	6	1	5	1	1	98	0.082895034	212	95.97296503	94.74146739	1.231497647	-3.515304998	2.097367869	-4.218789657	0.59145719	0.70348466	1.50591068
6h2	1	6	2	1	1	1	147	0.05890676	212	99.85262959	94.74146739	5.111162206	-2.883935109	2.239572656	-3.587419769	0.733661976	0.70348466	1.50591068
6h3	1	6	3	3	1	1	144	0.020711559	212	88.39880753	94.74146739	-6.342659853	8.509694087	0.180791514	7.806209427	-1.325119166	0.70348466	1.50591068
17h1	1	17	1	1	1	1	112	0.016599258	128	89.5819474	95.16547498	-5.583527578	-1.632221103	0.295070893	-6.809029729	0.081999666	5.176808626	0.213071227
17h2	1	17	2	0	0	1	92	0.137492783	128	84.99779256	95.16547498	-10.16768242	8.548714767	0.174890078	3.371906142	-0.038181149	5.176808626	0.213071227
17h3	1	17	3	0	0	1	62	0.050459856	128	110.916685	95.16547498	15.75120999	8.613932212	0.16925271	3.437123587	-0.043818517	5.176808626	0.213071227
19h1	1	19	1	0	0	1	54	0.091189136	91	88.99351855	103.1208744	-14.12735584	8.318771977	0.171710374	-0.000655973	0.000763315	8.31942795	0.170947059
19h2	1	19	2	1	1	1	7	0.145234822	91	124.3407269	103.1208744	21.21985247	8.335597599	0.174261232	0.016169649	0.003314173	8.31942795	0.170947059
19h3	1	19	3	0	0	1	13	0.07685197	91	96.02837776	103.1208744	-7.092496629	8.303914273	0.166869572	-0.015513676	-0.004077487	8.31942795	0.170947059
35h1	1	35	1	0	0	1	17	0.078466081	42	97.91818792	108.2819387	-10.36375079	8.469834473	0.177787649	7.046027054	0.124302607	1.423807419	0.053485042
35h2	1	35	2	0	0	1	11	0.068036938	42	113.3930402	108.2819387	5.111101442	-1.898285972	0.099450679	-3.322093391	0.045965637	1.423807419	0.053485042
35h3	1	35	3	0	0	1	16	0.189892013	42	113.5345881	108.2819387	5.252649343	-2.300126245	-0.116783201	-3.723933663	-0.170268244	1.423807419	0.053485042
36h1	1	36	1	0	0	1	12	0.049613261	40	95.7686898	104.7213139	-8.952624078	-2.664005765	-0.068726578	-6.707263815	-0.112744216	4.04325805	0.044017638
36h2	1	36	2	0	0	1	5	0.020035063	40	110.5149814	104.7213139	5.793667532	6.269579478	0.034175139	2.226321428	-0.009842499	4.04325805	0.044017638
36h3	1	36	3	0	0	1	7	0.095109214	40	107.8802704	104.7213139	3.158956546	8.524200436	0.166604352	4.480942386	0.122586714	4.04325805	0.044017638
37h1	1	37	1	0	0	1	22	0.042951048	68	118.140801	129.5308463	-11.39004528	8.465796568	0.174971018	3.337302502	0.503156496	5.128494065	-0.328185477
37h2	1	37	2	0	0	1	12	0.163183924	68	132.9866564	129.5308463	3.45581008	-1.660988553	-1.318536471	-6.789482618	-0.990350994	5.128494065	-0.328185477
37h3	1	37	3	0	0	1	15	0.099465138	68	137.4650815	129.5308463	7.934235201	8.580674181	0.159009021	3.452180116	0.487194499	5.128494065	-0.328185477
3bh1	1	3B	1	0	0	1	8	0.068982848	50	84.95519276	101.5435466	-16.58835389	-1.784492756	0.362206464	0.205584634	0.18092509	-1.99007739	0.181281374
3bh2	1	3B	2	0	0	1	13	0.301713943	50	105.6048367	101.5435466	4.061290041	-2.261648248	0.730043932	-0.271570859	0.548762558	-1.99007739	0.181281374
3bh3	1	3B	3	0	0	1	9	0.029664752	50	114.0706105	101.5435466	12.52706385	-1.924091164	-0.548406274	0.065986225	-0.729687648	-1.99007739	0.181281374
4bh1	1	4B	1	0	0	1	26	0.247220905	138	108.7783941	114.2470794	-5.468685323	-2.929325546	2.223168376	-0.243489469	1.141870009	-2.685836077	1.081298366
4bh2	1	4B	2	0	0	1	20	0.068806933	138	107.9883102	114.2470794	-6.258769159	-1.914347471	0.61809248	0.771488606	-0.463205886	-2.685836077	1.081298366
4bh3	1	4B	3	0	0	1	34	0.296542315	138	125.9745339	114.2470794	11.72745448	-3.213835213	0.402634242	-0.527999137	-0.678664124	-2.685836077	1.081298366
5bh1	1	5B	1	0	0	1	16	0.086526268	56	95.56260456	96.67104425	-1.10843969	-1.838992367	0.174790438	-5.698017905	0.121126376	3.859025538	0.053664062
5bh2	1	5B	2	0	0	1	13	0.163009092	56	88.11755549	96.67104425	-8.553488759	4.79852158	-0.183468714	0.939496043	-0.237132776	3.859025538	0.053664062
5bh3	1	5B	3	0	0	1	7	0.069494784	56	106.3329727	96.67104425	9.661928449	8.6175474	0.169670462	4.758521862	0.1160064	3.859025538	0.053664062
7bh1	1	7B	1	0	0	1	20	0.017887219	110	112.9206037	116.2367605	-3.31615683	8.647468293	0.158587	-0.012055121	-0.010918791	8.659523414	0.169505791
7bh2	1	7B	2	0	0	1	31	0.006153876	110	114.5576355	116.2367605	-1.679125021	8.662538198	0.173872486	0.003014784	0.004366695	8.659523414	0.169505791
7bh3	1	7B	3	0	0	1	16	0.050614562	110	121.2320424	116.2367605	4.995281852	8.668563751	0.176057887	0.009040337	0.006552096	8.659523414	0.169505791
8bh1	1	8B	1	0	0	1	29	0.084333315	70	104.5594801	101.932675	2.626805041	-2.053553207	0.302505601	-2.817120094	-0.211412306	0.763566887	0.513917907
8bh2	1	8B	2	0	0	1	28	0.260589113	70	94.3309905	101.932675	-7.60168454	-4.06669374	1.073929915	-4.830260627	0.560012008	0.763566887	0.513917907
8bh3	1	8B	3	0	0	1	9	0.111511798	70	106.9075545	101.932675	4.974879499	8.410947609	0.165318205	7.647380721	-0.348599702	0.763566887	0.513917907
42h1	1	42	1	0	0	1	12	0.103542323	63	123.2008545	116.5165996	6.684254898	-1.709040119	0.538522569	-3.366132878	0.181641546	1.657092759	0.356881023
42h2	1	42	2	0	0	1	27	0.056154277	63	112.3130896	116.5165996	-4.203509947	8.566576606	0.184218965	6.909483847	-0.172662059	1.657092759	0.356881023
42h3	1	42	3	0	0	1	18	0.056043055	63	114.0358546	116.5165996	-2.480744951	-1.88625821	0.347901536	-3.543350969	-0.008979487	1.657092759	0.356881023
48h1	1	48	1	0	0	1	10	0.094721359	61	95.33416661	101.3093056	-5.975139029	8.386837657	0.166710294	3.361155333	-0.368217652	5.025682325	0.534927946
48h2	1	48	2	0	0	1	12	0.171777753	61	89.77148232	101.3093056	-11.53782333	-1.725786954	1.27031293	-6.751469279	0.735384985	5.025682325	0.534927946
48h3	1	48	3	1	1	1	27	0.18374398	61	118.822268	101.3093056	17.51296235	8.415996271	0.167760613	3.390313946	-0.367167333	5.025682325	0.534927946
53h1	1	53	1	0	0	1	25	0.034660671	78	106.3790659	110.8404661	-4.461400226	-1.853860388	0.258462937	-3.244063085	0.238715482	1.390202697	0.019747455
53h2	1	53	2	0	0	1	7	0.054110512	78	104.0863179	110.8404661	-6.754148287	-2.537251408	-0.397436719	-3.927454106	-0.417184174	1.390202697	0.019747455
53h3	1	53	3	0	0	1	19	0.044724904	78	122.0560147	110.8404661	11.21554851	8.561719888	0.198216148	7.171517191	0.178468693	1.390202697	0.019747455
65h1	1	65	1	0	0	1	36	0.157742658	148	93.19790075	80.94304468	12.25485606	8.485335106	0.182386541	3.501560882	0.011586936	4.983774224	0.170799605
65h2	1	65	2	1	1	1	63	0.120709063	148	81.64657064	80.94304468	0.703525952	-1.925424492	0.167693843	-6.909198715	-0.003105762	4.983774224	0.170799605
65h3	1	65	3	3	1	1	68	0.086015226	148	67.98466267	80.94304468	-12.95838202	8.391412057	0.162318432	3.407637834	-0.008481174	4.983774224	0.170799605
1ch1	1	1C	1	0	0	1	41	0.099103058	120	107.4064994	111.3596519	-3.95315243	-2.121338436	0.574959441	0.00564585	0.12967057	-2.126984286	0.445288872
1ch2	1	1C	2	1	1	1	26	0.041535206	120	112.958924	111.3596519	1.599272111	-1.997528892	0.525945694	0.129455394	0.080656823	-2.126984286	0.445288872
1ch3	1	1C	3	0	0	1	38	0.006727898	120	113.7135322	111.3596519	2.353880318	-2.262085529	0.234961479	-0.135101243	-0.210327393	-2.126984286	0.445288872
2ch1	1	2C	1	1	1	1	58	0.076975477	153	111.4397924	110.3381063	1.101686116	-1.430708745	0.394716768	-3.052122028	0.268378452	1.621413283	0.126338316
2ch2	1	2C	2	4	2	2	79	0.105169842	153	111.254646	110.3381063	0.916539716	8.35990402	0.181296789	6.738490737	0.054958473	1.621413283	0.126338316
2ch3	1	2C	3	4	1	1	73	0.080457393	153	108.3198805	110.3381063	-2.018225832	-2.064955427	-0.19699861	-3.686368709	-0.323336926	1.621413283	0.126338316
3ch1	1	3C	1	1	1	1	167	0.088157336	183	83.95724437	84.32123223	-0.363987865	-0.784539272	-5.316548673	0.105752907	0.13949351	-0.890292179	-5.456042183
3ch2	1	3C	2	2	1	1	81	0.066351137	183	85.69296051	84.32123223	1.371728272	-0.930744732	-5.449512653	-0.040452552	0.006529531	-0.890292179	-5.456042183
3ch3	1	3C	3	1	1	1	68	0.108447636	183	83.31349183	84.32123223	-1.007740408	-0.955592534	-5.602065223	-0.065300355	-0.14602304	-0.890292179	-5.456042183
4ch1	1	4C	1	0	0	1	15	0.209403491	121	91.4558245	103.4267105	-11.97088598	-1.436107761	-2.44524468	-0.907293076	-1.050570808	-0.528814685	-1.394673872
4ch2	1	4C	2	0	0	1	66	0.058040483	121	100.8231815	103.4267105	-2.60352899	-2.0225704	-0.529712906	-1.493755714	0.864960965	-0.528814685	-1.394673872
4ch3	1	4C	3	0	0	1	52	0.064948773	121	118.0011255	103.4267105	14.57441497	1.872234105	-1.209064029	2.40104879	0.185609843	-0.528814685	-1.394673872
20bh1	1	20B	1	2	1	1	14	0.119128352	48	110.4244147	112.9149232	-2.49050854	8.464562782	0.174875987	0.261437765	0.110604711	8.203125017	0.064271276
20bh2	1	20B	2	0	0	1	15	0.028057704	48	117.0022627	112.9149232	4.087339527	7.685445701	-0.166286879	-0.517679316	-0.230558155	8.203125017	0.064271276
20bh3	1	20B	3	0	0	1	12	0.102738392	48	111.3180922	112.9149232	-1.596830987	8.459366567	0.184224721	0.25624155	0.119953444	8.203125017	0.064271276
21bh1	1	21B	1	0	0	1	11	0.133213499	78	105.0323472	99.48387436	5.548472798	8.227271885	0.161136008	0.058761312	-0.005928693	8.168510573	0.167064701
21bh2	1	21B	2	1	1	1	16	0.176476239	78	92.57939485	99.48387436	-6.904479509	8.148671006	0.173255204	-0.019839567	0.006190503	8.168510573	0.167064701
21bh3	1	21B	3	1	1	1	25	0.049772259	78	100.8398811	99.48387436	1.356006711	8.129588828	0.166802891	-0.038921745	-0.00026181	8.168510573	0.167064701
22bh1	1	22B	1	1	1	1	29	0.112454526	68	123.8607429	118.3366198	5.524123068	-1.617091678	-0.307079532	0.908379759	0.562900451	-2.525471437	-0.869979983
22bh2	1	22B	2	0	0	1	10	0.083567294	68	116.9165523	118.3366198	-1.420067559	-3.868589141	-2.108391591	-1.343117704	-1.238411608	-2.525471437	-0.869979983
22bh3	1	22B	3	0	1	1	15	0.053204996	68	114.2325643	118.3366198	-4.10405551	-2.090733491	-0.194468826	0.434737946	0.675511157	-2.525471437	-0.869979983
23bh1	1	23B	1	0	0	1	69	0.052290272	140	114.140322	111.586016	2.554305989	8.443202505	0.181857119	3.892515793	-0.130744284	4.550686712	0.312601403
23bh2	1	23B	2	1	1	1	63	0.099308709	140	108.6559277	111.586016	-2.930088311	-3.126080976	0.587385686	-7.676767687	0.274784284	4.550686712	0.312601403
23bh3	1	23B	3	0	0	1	40	0.040833621	140	111.9617983	111.586016	0.375782322	8.334938606	0.168561402	3.784251894	-0.14404	4.550686712	0.312601403
27bh1	1	27B	1	0	0	1	11	0.179325179	71	126.756439	121.5431399	5.213299169	8.409607354	0.165401704	7.266741467	-0.311330798	1.142865887	0.476732502
27bh2	1	27B	2	1	1	1	7	0.0608186	71	119.1162453	121.5431399	-2.426894607	-2.106905787	0.368869607	-3.249771674	-0.107862894	1.142865887	0.476732502
27bh3	1	27B	3	0	0	1	15	0.127521435	71	118.7567353	121.5431399	-2.786404562	-2.874103906	0.895926194	-4.016969793	0.419193692	1.142865887	0.476732502
28bh1	1	28B	1	0	0	1	36	0.114148502	101	102.1503729	108.6791123	-6.528739312	-2.663329736	1.507794544	-3.796434979	0.603730979	1.133105243	0.904063565
28bh2	1	28B	2	0	0	1	40	0.046010717	101	103.2254196	108.6791123	-5.453692697	8.381621075	0.181906554	7.248515833	-0.722157011	1.133105243	0.904063565
28bh3	1	28B	3	0	0	1	26	0.135021053	101	120.6615443	108.6791123	11.98243201	-2.318975611	1.022489598	-3.452080854	0.118426032	1.133105243	0.904063565
