sample	plant	569.2318/21.5	322.1459/19.7	205.0507/14.5	300.1648/20.1	205.0507/16.3	573.2294/18.7	573.2248/20.8	569.2305/21.1	573.2294/19.3	631.1717/10.3	631.172/9.8	296.1313/17.4	597.2663/21.8	272.1302/21.1	565.2389/20.8	569.2291/20.6
3h1	3	5055403.607	12582867.66	2696813.048	7246468.599	1610707.594	19798391.03	492098.2826	2470686.446	14128839.31	6483265.569	341740.5968	100788.9737	14741572.81	114565.2602	0	0
3h2	3	3140452.226	17126580.23	3257901.818	6043628.62	1980094.635	15812971.62	933474.5834	1590500.825	12106405.05	2856012.726	987931.3863	0	10028178.99	0	0	0
3h3	3	4420418.276	34148131.24	10257327.36	8280945.963	8240181.589	14627931.84	1075036.385	1897907.977	11231050.65	1807386.239	624391.483	95131.6645	9220225.092	0	0	0
5h1	5	5729128.413	31838855.3	5686639.154	11816451.47	2906794.8	13682595.19	801334.8368	304399.3705	10900230.6	1780943.647	0	208876.761	11498516.1	0	116758.9796	0
5h2	5	4425665.056	15319865.17	4380947.949	8445798.711	3287734.523	11773901.89	886620.6772	1916192.563	9390046.626	1439248.319	472331.7676	126203.8621	9590714.334	0	0	0
5h3	5	5213105.056	29419362.69	8449877.988	11817967.92	2673418.614	11062434.11	0	2484731.237	8695973.506	2292670.572	133066.2954	160676.5209	12880939.02	170902.0523	134313.6826	0
9h1	9	4167298.225	42593492.22	5385738.239	12427734.47	786692.2645	4833996.268	0	2031125.634	4405554.376	4405297.173	1640685.264	182680.485	11266988.71	194033.1995	327861.7663	437924.32
9h2	9	2788960.38	20974772.81	2725496.443	6939203.048	1738577.146	5569957.573	0	1770728.481	4673989.351	2220876.811	653415.8544	0	6540402.792	0	91899.48087	0
9h3	9	2718863.167	27697295.53	2642961.765	6539510.315	1360132.011	4482764.762	0	1232466.817	4000757.188	1645551.215	0	0	5545943.17	0	107193.1754	0
10h1	10	5300558.143	19177272.89	2927689.158	4696699.18	1644471.61	13810166.88	252478.2163	1937083.757	11514165.16	3370457.949	127346.9093	78203.41933	8395075.562	154939.2956	87209.41658	346704.9435
10h2	10	4235325.46	12330214.21	1490041.741	2536990.216	806829.5379	8569611.882	0	344024.9038	7627602.332	2009253.094	270648.1177	0	4341228.965	0	0	0
10h3	10	6088011.544	14269064.89	4840504.034	4990558.184	365727.331	8835516.649	186835.9494	832673.1508	7076466.796	4676733.06	980075.5176	0	7721438.55	120479.1585	147455.1583	0
14h1	14	4343639.61	23903892.49	3673278.959	5654897.325	1556495.228	12269912.89	182832.7925	226022.0688	9196061.474	1158818.676	3422431.261	0	8297928.172	0	0	0
14h2	14	3849832.289	17526955.67	2617192.77	4861430.295	1579870.638	11226884.34	0	2191788.679	5187564.828	1129446.732	3303771.381	0	6704134.963	0	0	0
14h3	14	3769613.571	18237123.36	3608381.534	5007689.898	2546026.015	9531171.342	0	2197997.341	7421437.386	0	1842592.917	0	5575069.013	0	107427.9285	0
18h1	18	7423544.221	28803627.96	11454306.79	10302641.86	8358845.16	23495124.66	2016990.523	3157427.749	14717131.54	0	1958314.954	159987.6633	12528945.85	177462.0152	0	0
18h2	18	6576702.667	21948979.64	7026590.031	7658667.832	6196961.199	21065052.17	1797300.001	2720268.72	15591666.64	0	1584855.078	87733.72959	10566609.69	117644.5476	0	0
18h3	18	5755840.191	23647452.96	7932487.392	7908100.308	4114565.963	18472620.57	1439324.761	2539426.022	14129272.69	0	1493823.244	130630.7196	10704952.48	0	0	0
20h1	20	5035182.985	22791934.28	3985552.715	8637027.625	1987922.104	9649163.872	746680.5161	292640.7753	8112894.756	0	1923138.996	84639.18733	9463525.563	0	159361.111	0
20h2	20	4855593.692	22734398.88	3528348.033	8391468.247	1787390.72	10133845.6	163868.2509	284879.5039	8135883.882	0	2380709.185	63583.32	9325785.034	0	137447.5077	0
20h3	20	3416372.229	38221909.08	4974964.071	8202197.268	3801931.726	7687749.973	0	1809707.296	6213235.036	0	2115699.195	0	7649320.117	0	93974.65529	0
25h1	25	5652039.281	21110848.57	2201669.79	8588548.423	1089732.725	9271130.016	0	3527243.226	8734799.952	0	0	79340.32467	8107508.138	0	253448.2327	507818.8892
25h2	25	3405262.819	22599103.18	3159447.566	8473328.159	554442.4305	8622543.986	0	3190183.963	6527864.488	0	0	0	3574858.383	225515.6169	322746.7706	542571.4645
25h3	25	8027831.026	38030242.28	6874044.676	10356026.78	3465980.882	10783116.19	0	4451149.713	7767491.653	0	0	142342.1	11372232.57	315117.6699	429570.3437	730286.7399
29h1	29	4770645.067	35182980.33	6748476.536	8732021.014	3063628.745	18156202.81	808352.9483	790216.1397	9248020.038	2628320.738	815175.1251	172642.2733	11739373.85	346203.896	345740.9223	0
29h2	29	3504978.775	26833278.58	4199826.716	7715816.495	1925844.903	16356984.41	1247366.668	757489.6062	11527076.19	3091876.46	904773.8072	130053.9344	11361967.67	335198.0455	299308.9477	0
29h3	29	5890177.58	39762991.28	7433534.15	2350444.573	4004712.944	12096544.71	843189.555	2822122.361	9432102.739	1198040.647	692565.8379	0	6581110.856	181710.3383	236457.5683	0
30h1	30	6483040.848	27469313.54	8378904.612	7418511.896	5923463.123	19197053.23	1365210.929	2652806.225	14221140.23	473928.734	2775297.44	70718.88659	8539180.716	153745.8155	104114.1441	0
30h2	30	5796643.618	27905153.62	7535854.548	5635810.584	4308496.251	16723406	1144301.452	2925976.405	12635370.08	0	2249834.727	0	6911433.794	0	92217.72654	0
30h3	30	6559339.89	34183561.32	11807097.83	6516306.897	5479575.095	14673890.17	1082042.565	3490539.29	13228993.77	0	1916600.107	0	6581059.416	145187.3384	188842.2635	0
33h1	33	8333792.442	28817706.18	7737215.365	11196569.9	4578479.95	19014998.69	1525454.08	576756.3409	12147272.5	3018742.107	5333117.668	185398.64	12761748.62	219630.8705	144402.6276	658943.2394
33h2	33	7988651.094	38116517.54	9511574.031	10410810.06	7504956.428	16621327.09	1230757.145	377074.4792	12509542.59	325801.2145	3144257.085	85611.99497	9747782.891	220702.3997	150564.476	0
33h3	33	5131959.948	52479140.78	11192896.44	2412466.071	10010350.9	11983278.18	823615.41	2726338.082	9248944.752	274580.4014	2471042.38	0	6995141.551	0	0	0
39h1	39	5704308.779	12783042.51	4860320.553	7751477.889	2768901.924	12571733.03	218630.2821	311419.8541	10915190.17	1664880.812	406019.4728	0	7636884.134	374268.449	132563.0408	0
39h2	39	5849555.64	24390661.76	4657866.109	6388098.93	2840264.821	14851552.46	252489.6694	2912318.044	12056407.35	1104952.514	328688.817	0	8682662.741	140469.6445	131785.3727	0
39h3	39	6490213.546	18375661.61	5137407.706	6381666.852	3495461.768	14186018.61	1055174.119	2848818.285	11492770.9	1923902.356	0	0	7928823.939	155405.7764	154939.4085	0
43h1	43	7267145.781	15407595.01	5573058.403	4201165.935	2846751.087	17312483.72	1351816.237	3125969.353	13072808.76	5575832.794	1841271.63	177757.8561	7722775.434	146735.8037	154817.2904	0
43h2	43	8318397.848	18914317.67	6738345.175	4387701.3	4321358.969	19826352.23	1585892.196	1510599.321	14780729.09	4719030.083	1635596.985	177966.0944	7453661.931	243762.2761	201639.0516	688096.786
43h3	43	8871146.592	22907725.17	8871536.568	5025964.316	4481729.868	19541580	1603691.433	916663.9864	14809108.65	4935978.176	1676627.199	203063.2988	7354570.592	260234.6464	261416.9085	692505.5164
49h1	49	9943071.834	33977714.96	8313345.669	10299788.94	6011148.546	26273829.45	2331458.442	160435.1101	18682604.83	2168623.485	683709.3879	151714.9285	14165803.79	277759.8785	165942.983	759606.9656
49h2	49	5805125.696	24537327.59	5346434.428	7687928.111	3529053.488	15349280.37	1111686.532	269424.7529	12088512.35	1982999.57	479009.278	0	9580106.854	108440.5344	103249.1779	0
49h3	49	9679191.978	44382459.32	14373037.26	12288358.91	11280117.61	22727664.8	427616.1185	4107091.797	16678253.28	3030527.087	1088130.913	141159.6697	11195049.75	467110.6765	221258.0742	736434.7183
50h1	50	8339483.468	20259893.29	8530177.466	5183710.048	5230001.756	27736131.38	2601709.915	4021078.272	17729294.6	1709315.414	4804088.224	175780.9073	10429123.26	174368.4656	125101.4277	0
50h2	50	8612188.219	19842857.92	10406979.79	4886678.924	4945392.364	25226402.5	2327552.836	226743.2113	18861115.43	1394049.826	4675397.749	153493.445	8538840.242	198070.8514	145094.4624	442830.9659
50h3	50	9058915.434	24581054.33	14786323.97	10564871.07	9230815.171	28222500.58	2638696.17	4794715.618	20572828.46	4186075.291	7928062.554	224140.6407	10212961.21	265416.301	147990.8839	711259.4421
51h1	51	7511979.98	31144561.3	11674955.03	5969768.507	10310508.4	18366833.96	1497828.68	2916914.174	13868714.17	6315330.447	1009827.091	122745.024	6404050.362	174512.7946	153210.0278	0
51h2	51	7607371.058	20488009.06	9607822.757	6396402.355	6747820.701	19551806.93	1611994.86	3215693.222	14578215.88	6782789.378	1035033.893	107772.4423	7936890.748	169836.093	117108.8704	634750.1422
51h3	51	8130825.87	27900625.13	12327866.68	6463631.91	7431842.148	20141766.14	1729905.612	540633.9805	15362707.49	8916022.062	1540689.134	81264.764	7988001.709	166262.2223	144847.2632	0
52h1	52	8832170.697	29839645.77	8627473.277	6635603.737	4469348.409	18060394.4	1489097.84	4587793.818	14285065	3448455.69	1870072.573	153425.2794	8821076.609	599564.9161	304296.0545	721417.2486
52h2	52	7664193.633	32116166.27	8032037.828	6225757.269	3967763.375	14322279.07	857869.2484	521538.5471	13383495.05	5874621.477	406216.1711	106630.0357	7770440.126	232675.7073	216806.5913	622167.1037
52h3	52	5679638.388	24874284.07	7228483.57	5059448.857	3550570.381	11829558.43	194439.5898	314420.9571	10872989.49	4539170.167	2454889.53	0	6050338.355	0	195515.5003	0
54h1	54	11874938.93	45824750.15	10333443.47	11952679.81	6805053.213	18577022.82	392038.2146	5356931.764	14165865.09	5249229.931	541601.4005	446637.5803	11931595.51	365666.2916	409435.1467	896886.2172
54h2	54	12175653.27	41985999.22	10513513.67	10477732.99	7564869.819	18415255.93	1546187.693	865342.762	13620897.7	4007017.98	1130596.425	381058.8717	10412529.23	873842.9966	390956.9206	843704.9047
54h3	54	10039687.09	56773292.69	17817731.79	7754217.743	3128030.134	7419778.794	0	7612894.456	10608034.05	4676696.871	1532906.984	358643.8658	9163930.477	0	623733.9887	866703.8261
56h1	56	10005233.81	27271604.01	19675732.09	5867273.603	3357842.578	21531694.78	1730922.772	792857.028	22016437.42	4808943.696	1340200.963	328442.818	8018507.85	160086.9249	114320.2101	0
56h2	56	5722732.89	20013744.3	15194991.19	3974653.712	2779909.447	16527915.09	0	1942668.457	15865380.02	6482148.02	1904027.049	245909.5833	5944434.761	0	0	0
56h3	56	5313425.929	17455881.06	14251221.4	2815351.372	2570777.811	16105712.46	290679.1243	2647213.264	15125036.01	4320478.324	1322846.056	160513.5012	4776497.157	0	0	0
60h1	60	4098468.118	22537762.8	8997129.668	8126829.876	1052809.798	10734850.7	621486.2866	2451368.565	9396644.717	1000471.486	285937.7102	72816.5504	8258757.214	0	0	0
60h2	60	5386526.704	28941512.71	11605177.95	8143871.235	2216993.58	11519065.53	0	2659741.522	11967904.48	1677604.175	0	123904.0794	7631307.125	0	136951.5261	0
60h3	60	3492605.719	26521317.26	13413823.69	7204857.936	2275293.77	5932575.753	0	2373655.354	7788564.355	1571039.711	385346.4612	82978.14167	5779017.174	0	0	0
63h1	63	4706221.833	34557472.92	16415628.01	11047384.44	3048495.935	7638307.66	0	2337875.968	9520944.348	2124322.812	705278.0758	131533.5598	8294830.067	296353.9157	110529.9235	0
63h2	63	4773411.386	18301683.75	10841000.99	7315132.436	1345623.138	8876192.985	0	2285609.435	10116336.12	2172742.429	613839.5535	83463.524	7316450.194	0	177966.5878	0
63h3	63	4928550.63	23583397.48	13572851.68	7799212.268	1512654.985	8664124.08	0	2044001.031	11401951.12	2290794.936	686583.7355	71386.2408	7403347.592	151917.3022	139107.5604	0
68h1	68	7030761.951	33181252.9	6274069.083	7444732.617	791430.5079	7205222.55	0	3821531.209	8251032.621	898486.8574	248622.0716	180319.8022	6981341.133	347809.2653	652288.2784	1060445.538
68h2	68	5241631.079	23686502.18	4542608.99	8647301.621	638963.8535	6078649.297	0	3177439.855	6146410.144	1472357.83	370003.1529	86588.75774	5980803.05	0	477169.6764	0
68h3	68	7511535.15	38102451.04	7575150.43	7576693.078	2250564.386	7805531.504	432237.9807	5495831.174	7401655.867	1261474.092	408278.8119	172747.1922	6866481.068	0	761645.1991	678749.1057
70h1	70	4145724.853	21660672.18	6201267.638	5696362.872	1694374.308	11231016.36	0	1881726.091	10615116.63	823513.593	182679.2436	0	7516560.661	0	0	0
70h2	70	3375133.972	22343335.39	8762447.008	5607396.003	2677693.191	8595855.536	0	2359426.706	8770478.735	1170733.252	0	0	6493101.109	0	0	0
70h3	70	3712709.664	20133534.61	4786743.029	5051446.3	1348777.177	10310380.68	798483.581	2396844.098	9137236.079	1755096.968	300336.085	0	6928007.759	0	121456.4324	0
71h1	71	5179532.7	15854320.06	10314846.03	7677522.675	0	10931584.93	0	2599459.398	10513884.34	7681347.297	1911302.618	251975.0892	7461523.752	111802.9998	123944.7099	0
71h2	71	4734688.649	16550706.8	11550107.55	5111479.443	993327.3295	7193259.72	0	2332868.047	5054951.245	7474750.819	2036928.513	294286.9619	5512706.441	74882.80155	248021.3319	0
71h3	71	6989220.547	25985893.12	18017281.66	7101133.078	2959699.79	13883349.64	965563.2335	3542916.493	12249733.85	12573645.14	2816017.687	447347.7626	8562358.173	220510.2293	165854.0812	531851.012
72h1	72	5092835.891	12441520.68	6755464.284	9205587.047	261436.0762	9198042.025	0	997471.2758	9834230.954	3469473.215	3401596.498	124208.856	8227190.415	77482.194	126066.7027	0
72h2	72	4584196.475	17943687.6	9990389.55	5574670.274	1013123.532	7059476.231	0	664027.5859	7935068.367	3364988.515	3588385.577	85433.14886	5446086.471	0	159986.0157	0
72h3	72	5805655.836	34353106.88	16620488.31	7028702.236	3530348.231	9843098.467	0	2869191.684	9691191.361	3485590.774	4014896.747	173834.6713	6789619.314	192038.3097	196428.5304	0
73h1	73	6396866.758	32850005.16	6232880.518	7804517.05	569797.4503	5655332.953	367577.535	3700856.254	7145099.635	1361858.532	715488.9808	0	6870885.993	294932.1816	512879.465	513743.5173
73h2	73	7085283.933	39813495.38	9273324.168	8237476.123	387284.1051	5980384.21	64920.5258	5068362.488	7593583.362	2827920.911	828785.7795	130389.5117	7293687.013	337466.8046	613032.0235	571140.8132
73h3	73	6158034.812	37960514.73	9779901.695	7073992.096	0	3686639.273	0	3352896.317	5065358.646	2492839.608	1380764.665	138397.3618	4870894.513	298251.539	747538.0284	461542.3841
75h1	75	3855999.735	18871490.56	8201681.574	8042512.829	320957.3337	8253800.823	0	230708.9079	9144555.568	5182335.567	197349.8393	100096.792	9194638.512	0	0	0
75h2	75	3640070.031	20879139.11	5928349.02	1956349.027	2268233.147	11637607.49	0	2226365.67	9839864.228	2933329.404	873022.9316	76079.94067	9460679.575	0	0	0
75h3	75	5167943.754	33658746.87	8018679.925	8495539.172	4588558.06	14175110.71	0	2293401.823	11600993.9	3271665.217	1093437.816	87166.276	10134927.64	66139.15478	0	0
77h1	77	3709012.143	17119309.43	6927321.493	6585787.309	3151955.492	11707114.78	0	2369621.893	11131807.7	3390411.727	951708.4933	0	8299144.121	0	0	0
77h2	77	4111676.841	18169435.7	6249949.931	5243875.114	4514326.21	10577910.1	0	224263.861	9227428.919	2613493.983	483041.246	0	6222264.271	0	0	0
77h3	77	3640517.043	20467896.58	7783327.558	4961650.802	4443329.456	10358545.48	124319.7584	2232947.255	8798296.7	2930927.949	693843.3121	0	5547147.105	0	0	0
80h1	80	5010792.052	19173431.41	3748306.925	4773980.758	2172471.88	9893577.052	0	2645818.652	8918301.374	0	2356923.381	0	7110195.66	115820.6604	114092.1755	0
80h2	80	4360310.267	11916005.1	2957400.163	3604943.233	1306576.908	8059673.415	0	2342003.994	7747883.663	300469.0831	2287552.499	0	4868087.884	0	175404.618	0
80h3	80	4542893.655	17042058.73	4850266.592	4653852.423	2993184.507	9230890.479	0	2904509.47	8454381.797	0	2012243.617	0	5374584.655	0	179510.7041	0
86h1	86	4780234.765	15361041.4	4288618.678	5105075.992	2214116	12946273.2	0	637476.1594	6671572.64	2423750.072	566930.3272	0	7940528.872	0	0	0
86h2	86	928112.7526	16470370.44	4423004.16	4959476.823	1695420.535	7606947.785	0	1234381.916	8784745.046	308346.312	0	0	6148479.929	0	0	0
86h3	86	3687178.995	27736783.61	5909819.653	5826625.847	3770502.894	11936158.94	0	2279458.852	10641607.82	1777283.783	384403.8742	0	7637571.59	0	0	0
87h1	87	5490301.715	15880160.42	4457759.418	7725971.344	2687416.442	16278029.95	345794.6542	1750602.947	13778213.42	0	2379021.688	138993.2775	9823601.303	0	0	0
87h2	87	5403940.541	16333029.62	5112977.964	6073817.268	2294176.678	16316363.81	1375249.353	259330.0113	13859664.76	0	2640696.102	170491.6767	9978381.263	0	0	0
87h3	87	8736299.925	37972042.77	12519153.52	9682820.669	9589700.528	21558561.08	1901668.775	622839.771	18483184.69	1216275.537	4044975.627	264563.8348	12375010.66	258047.7925	195875.7847	0
90h1	90	936532.7894	10423242.82	7592574.543	10221571.35	880225.1928	4714532.312	0	160126.8157	6226112.976	1278169.603	91377.26643	79359.172	6315387.587	0	0	0
90h2	90	2459432.061	9640284.577	4902183.5	8309330.586	230963.2574	4952730.198	0	1564714.374	6549332.199	2643930.853	125388.9285	0	6104800.101	0	0	0
90h3	90	2477319.611	17063055.56	6883153.425	5889779.563	800723.9904	4869496.881	0	1776316.535	5294457.92	3390224.249	287202.3816	0	5637559.003	0	0	0
92h1	92	391140.4301	12805659.01	2390134.405	6953926.786	0	1392278.96	0	0	2211585.234	1593514.078	0	0	3621791.293	0	0	0
92h2	92	1597794.743	13816698.1	2577687.002	5607651.54	0	1582111.738	0	1429791.439	3001210.79	3017823.091	384418.7114	0	4131820.938	0	0	0
92h3	92	2971950.902	30840414.96	9626495.753	8836566.331	532171.5389	2481139.376	0	2657775.964	3882325.01	5883969.584	1009624.46	194742.7923	6047669.376	0	259087.7145	0
93h1	93	2751244.477	12507035.44	4902094.722	4772746.618	0	2981060.883	0	1922367.114	6207912.65	4145429.596	1618163.432	0	6101675.881	0	0	0
93h2	93	2935910.042	16936921.06	5606525.314	5075936.39	273729.5157	3551691.479	128165.5232	2175506.849	5294885.301	4025715.065	1717106.16	87685.06008	5300385.105	0	95057.67184	0
93h3	93	1424607.06	20282374.65	10063962.68	5983801.176	988484.1727	4774377.951	0	250945.471	6459243.968	2252258.261	607762.6499	116348.0582	5393797.97	0	149859.2986	0
94h1	94	2317942.706	20568401.04	5143459.458	7860160.458	0	2312589.482	0	1898653.752	3774830.441	3001357.156	1040364.995	96407.67694	5278487.68	0	0	0
94h2	94	2229612.931	18992649.31	3809420.707	6628761.61	386420.3355	1443768.823	0	1971252.337	2999776.992	4157247.93	1449217.497	114260.8486	4113823.43	0	188297.6956	0
94h3	94	2038971.961	22198787.49	7128700.032	7278305.155	0	1175564.763	0	1406772.032	2129179.338	2503987.207	614022.8055	121850.0867	3843097.142	0	162346.0413	0
97h1	97	589482.3874	14605324.28	8569162.363	7727983.597	318911.4884	2936336.768	125561.7886	95433.34825	5079219.217	253746.8173	1169348.394	0	5466158.605	0	0	0
97h2	97	1950900.94	14602420.15	6851306.843	6255473.854	210675.6122	3970214.955	0	0	6143762.416	881101.8411	3147015.983	0	5937473.064	0	0	0
97h3	97	1624919.89	12709925.35	5891531.672	5399066.878	207289.5632	798617.5369	0	839142.4189	6608445.422	0	776159.6965	0	4589604.69	0	0	0
4h1	4	9922399.487	26347789.15	2774237.949	8496146.579	1529327.771	14448299.64	1100062.268	198626.1485	10310720.19	2278495.684	591305.1759	0	12754647.31	226291.353	187982.3367	588417.6571
4h2	4	6162512.837	19269297.33	5332928.345	7645359.363	2519084.043	12108139.87	245792.011	2780890.572	8982944.09	2686762.521	753894.2264	0	10702527.51	174377.3885	201079.3183	0
4h3	4	2973406.752	20612225.35	12129401.94	6363233.769	6064230.011	6680191.11	490031.6398	635806.0552	4991713.325	1883301.591	0	138049.3007	6438792.678	284012.8301	356335.2237	0
8h1	8	5688030.28	41661470.63	17148147.01	7829536.116	20699444.12	17620123.65	1672146.802	230609.4002	12594271.3	4199815.648	1775188.386	372373.0368	10805391.34	395524.4486	271989.5532	0
8h2	8	1377723.187	0	0	0	0	0	8863468.065	9587107.233	0	0	0	0	0	427589.4737	0	1127336.791
8h3	8	2706935.218	22090510.66	14827070.71	6197805.115	5667738.947	9564895.893	778239.8572	0	2725952.985	2545207.484	1607336.851	152995.6783	6718573.917	178423.8651	129735.7964	0
11h1	11	778626.7432	0	0	0	0	0	6329169.186	6891753.325	0	0	0	0	0	277210.9881	0	634515.6791
11h2	11	739417.4631	0	0	0	0	0	6657397.087	6466018.519	0	0	0	0	0	226100.6054	0	631344.1931
11h3	11	7750851.504	32891687.26	9044211.856	6603456.465	8527861.26	16258870.93	1184175.092	2997475.969	10837267.96	521990.7211	3843838.496	83949.71313	9672184.051	239698.9373	223140.4143	0
12h1	12	1349049.988	0	0	0	0	0	5826262.323	9450451.939	0	0	0	0	0	376809.5602	0	1482303.784
12h2	12	6423525.522	22871417.09	11203334.73	9015851.402	4966765.853	8080144.071	164884.159	3804081.028	6421975.143	3800850.039	2131532.539	214805.0314	9000218.484	364267.4062	568968.828	676635.054
12h3	12	8524419.8	44750002.67	20291189.59	11634144.67	14386284.12	8008119.851	0	5587440.147	6140152.453	3348257.369	1871490.956	407205.7634	8654941.867	0	760955.6218	771381.7984
13h1	13	1249118.011	0	0	0	0	0	5056971.605	6093234.248	0	0	0	0	0	204574.8767	0	758140.1043
13h2	13	892919.9642	0	0	0	0	0	4683766.241	5411252.096	0	0	0	0	0	211743.259	0	720669.5739
13h3	13	903585.9204	0	0	0	0	0	4830654.371	5976227.15	0	0	0	0	0	219103.5559	0	790533.5033
21h1	21	1333383.966	0	0	0	0	0	8234264.593	8480661.837	0	0	0	0	0	312026.9808	0	952946.1134
21h2	21	7528410.862	17708504.15	3563367.638	6221334.098	2017407.586	16988397	1544157.449	4253102.342	12790087.88	3744736.593	1274177.368	184977.4171	12137157.1	335248.5597	270298.8775	678026.3671
21h3	21	9461734.147	24561291.95	8343865.291	5943941.281	8433657.262	16200330.2	1510687.425	1108666.073	12388272.92	4615281.389	928597.649	285898.998	10178560.52	418692.4959	463100.5758	791655.8444
24h1	24	996747.7669	0	0	0	0	0	7742620.302	6605417.382	0	0	0	0	0	244440.275	0	744338.2821
24h2	24	865732.698	0	0	0	0	0	7156959.214	6696061.223	0	0	0	0	0	247448.0989	0	727688.1942
24h3	24	5147049.648	22754121.63	21271828.96	6689159.732	8094260.858	11869818.68	0	2710703.58	9001406.269	3412454.217	1123577.971	142347.6553	6811921.81	104063.6959	0	0
26h1	26	1044179.414	0	0	0	0	0	8116419.326	8520491.44	0	0	0	0	0	356654.6722	0	893545.3958
26h2	26	2837688.355	15657603.54	6162716.6	4431514.165	4391283.661	10602094	0	766811.3327	7679780.354	3591855.499	1124747.872	0	8143920.657	254838.8755	270690.3295	0
26h3	26	7040479.743	23188046.77	7440594.115	3917675.692	6255664.475	13711174.96	337391.7456	4428591.813	10406651.18	5206385.824	2585273.251	0	6345675.357	290379.3075	363724.9078	592368.3715
28h1	28	823640.1353	0	0	0	0	0	7667182.703	7582209.235	0	0	0	0	0	306305.2051	0	757161.5402
28h2	28	7295937.096	39835262.35	10889560.13	7868143.78	10640441.32	18485019.58	347896.5392	3898397.167	9407605.649	1679163.969	3806090.123	106009.2649	9660525.885	288677.923	291540.5306	619380.9523
28h3	28	837200.4103	0	0	0	0	0	6354944.992	7035094.133	0	76820.86066	0	0	0	290823.6363	0	0
32h1	32	824199.438	0	0	0	0	0	7490409.773	6480850.583	0	0	0	0	0	226812.8663	0	753646.3476
32h2	32	4278078.252	23136034.19	7595587.461	5380892.435	7254350.636	10849756.38	247845.2688	2265801.597	8125440.684	3145651.386	749395.0074	0	6859277.268	158930.2731	131881.4393	0
32h3	32	3398298.41	32945177.15	11866028.85	4807998.541	3275365.27	5168234.421	0	2203279.292	5306496.835	3502737.246	596566.6169	108189.5944	5116068.974	0	210140.9392	0
34h1	34	1102379.387	197982.4692	0	0	0	0	7461001.556	8144216.505	0	0	0	0	0	319518.7931	0	904377.6557
34h2	34	1267123.98	250572.5435	0	0	0	0	7320285.701	9965275.276	0	0	0	0	0	447743.9322	0	1231002.848
34h3	34	10754772.64	56212181.24	18411464.45	14700996.26	12256293.96	14499373.07	0	1318802.898	10708194.5	9930507.964	867887.7851	392039.7223	14941577.76	602446.0957	626836.4139	880352.74
38h1	38	1443399.116	0	0	0	0	0	6723425.3	8781215.596	0	0	0	0	0	349192.8237	0	1162458.73
38h2	38	7190342.294	42693725.9	9070013.159	7006129.758	4249275.728	9246475.406	618571.2412	666613.4273	10025747.18	5521455.967	2599604.416	168038.379	7976146.638	269645.9279	334195.7954	540901.7986
38h3	38	11911082.78	91504932.07	28221552.61	11237575.57	30862558.15	14149905.89	1084433.741	5310342.844	5709015.907	9734971.699	5124077.605	502884.2096	9329619.567	500865.8064	705684.4926	912083.8051
40h1	40	13682159.68	51070278.88	21643457.67	12915734.56	17229296.74	22560726.35	1934952.909	7132587.708	14996087.33	10312469.37	1271002.099	774338.7993	13049309.77	646241.2979	834813.0825	1409562.739
40h2	40	1651359.575	0	0	0	0	0	7561744.758	10834291.11	0	0	0	0	0	463884.5544	0	1441388.13
40h3	40	2605661.326	0	0	0	0	0	8214473.233	14317817.98	0	0	0	0	0	620672.6681	0	1888768.903
41h1	41	1499465.909	0	0	0	0	0	8128938.102	10039541.34	0	356393.7258	0	0	0	497716.1811	0	1496610.059
41h2	41	1191415.648	0	0	0	0	0	6853297.23	9889532.419	0	0	0	0	0	481304.5438	0	1264243.575
41h3	41	1527809.545	0	0	0	0	0	5888830.854	10517325.41	0	0	0	0	0	503090.0842	0	1610704.724
44h1	44	9797629.733	17174751.09	16951543.06	5625528.812	11106315.94	22808627.77	1977233.06	4705464.093	16134779.86	11554530.58	1016069.783	586882.5569	8256100.18	930263.0408	250335.7825	759253.0878
44h2	44	9481630.256	18288706.09	17320964.15	5511335.065	13052931.96	22321798.76	2033694.993	740713.6646	17093788.29	8828481.551	1751864.442	517528.3042	6782745.657	283457.2623	208513.2999	667567.7159
44h3	44	10034797.59	20067679.19	26695294.09	5073271.154	12779732.81	16721528.53	1347670.028	320147.4633	12272766.31	9119680.058	258051.0289	677734.5195	5736192.059	225985.6079	251719.7643	619991.6051
45h1	45	13117404.48	32799904.65	8561359.294	8476049.002	6111655.198	26739541.98	2348331.12	773253.3726	18483015.19	5518189.574	2657312.469	178801.2093	14520728.82	278732.3356	175064.2505	747842.9997
45h2	45	6313312.524	23481524.77	7114466.493	5885996.333	2213140.07	16085223.59	410580.8111	3546244.033	12625312.84	3726171.374	1715930.995	141967.5224	10332901.82	186520.2239	127258.9632	0
45h3	45	10073219.1	58133829.1	24095510.11	11398368.6	24742582.23	21959222.2	504767.7996	5522755.273	12569441.15	14887096.91	1222000.281	278043.3982	11395364.76	343841.8697	316673.6358	844215.0512
55h1	55	7504509.629	27299513.76	10725019.25	15466543.55	4613518.526	26489653.98	2371288.062	3210372.18	18850858.07	9442444.786	5020226.726	162466.7185	15902756.79	188615.8547	0	639675.5694
55h2	55	869946.7787	0	0	0	0	0	8633138.436	7124811.749	0	0	0	0	0	278473.9905	0	772229.0612
55h3	55	3113113.69	29237331.98	16345816.14	9762583.459	7052299.582	18269398.22	1590177.757	0	12117790.8	6750852.956	1520161.747	121499.6217	12563388.18	209726.6269	0	0
57h1	57	853148.4713	0	0	0	0	0	7069896.836	7507549.972	0	0	0	0	0	277480.5905	0	784283.2409
57h2	57	4159384.582	46950622.02	14324170.68	9041483.19	15637504.3	15503112.6	896610.7965	1065412.239	8139300.192	2585003.817	154650.9897	227027.0191	9595660.699	381022.1702	427466.8667	0
57h3	57	813102.2988	0	0	0	0	0	6454510.632	7429536.01	0	0	0	0	0	314169.8303	0	723891.4653
58h1	58	6353428.701	45571986.85	41314173.42	6560261.897	25923350.87	14234245.79	1179545.555	1162862.141	10360021.97	4276212.991	755104.3041	527837.2023	4945139.99	494066.7097	482798.1439	0
58h2	58	900677.0134	0	0	0	0	0	9498760.168	8007188.885	0	0	0	0	0	294607.7411	0	701871.0992
58h3	58	6769788.77	26986287.99	22256603.04	4401428.907	10605850.71	10461927.19	240603.4303	4071319.241	9707242.935	4085931.905	2525974.619	193585.5097	5003983.06	198706.6532	262364.2981	0
59h1	59	0	0	0	0	0	0	6504404.827	7195691.789	0	0	0	0	0	277724.3712	0	830482.0073
59h2	59	6391778.796	38100639.81	12130129.46	9903826.399	3262070.05	11158100.19	0	3107657.625	8116182.809	1647189.164	1171733.936	166478.6145	9811956.484	261676.0802	232653.8601	0
59h3	59	745585.3871	324666.0456	0	0	0	0	6031363.124	8937632.883	0	0	0	0	0	475442.1024	0	944213.5562
61h1	61	8687403.37	37897520.32	20676328.67	9876474.877	7367353.056	19268322.38	1726930.173	4983387.21	16645291.78	670027.9147	3450252.06	306090.9087	13232499.73	565117.9434	210439.4691	506914.5755
61h2	61	2523064.689	49130931.1	47381887.49	8235623.509	9668278.989	1243114.317	0	0	1848738.311	354723.5831	0	389104.5792	1108182.822	231759.2306	300486.2746	0
61h3	61	932317.0507	0	0	0	0	0	9528544.669	9014968.888	0	0	0	0	0	371269.6393	0	756580.4693
62h1	62	1103479.872	0	0	0	0	0	6042271.826	7040776.639	0	0	0	0	0	268437.5865	0	838938.7122
62h2	62	4784281.543	54300152.83	24029444.75	12660391.27	4776116.817	1362776.274	0	3345015.052	6207678.882	2174340.574	3618425.782	306290.2999	7596630.902	285709.5008	481340.1774	0
62h3	62	3688849.471	41416219.12	15852683.1	9997611.323	3190287.453	5113332.964	0	2668081.08	4946428.181	1513210.496	2548505.725	152811.6237	7924229.805	192980.4048	297102.0811	0
64h1	64	1205181.933	0	0	0	0	0	12246258.48	9609830.085	0	0	0	0	0	351764.297	0	837460.1146
64h2	64	2789544.343	27015934.26	22384145.46	5138429.683	6884164.017	2778525.091	0	473907.9575	2723072.936	0	570402.2442	245324.0469	1494143.036	239109.3422	218191.3277	0
64h3	64	1092464.564	139919.4324	0	0	0	0	10118331.81	10821145.11	0	0	0	0	0	501223.5293	0	889892.5276
67h1	67	11153870.68	35649977.24	12969697.04	6869141.182	5614241.12	11252450.16	802414.8752	554799.5172	9892956.618	2572375.483	384947.3046	138290.0708	8839020.729	224508.254	408035.4114	404305.1209
67h2	67	7175258.346	41839139.99	25291240.87	7398648.912	7160437.022	7298286.503	83060.61442	3177317.159	6772926.391	3270282.347	578260.0474	129534.2763	5047861.412	241678.5325	474242.1861	0
67h3	67	542657.5448	0	0	0	0	0	5596952.368	5507341.02	0	0	0	0	0	206528.1965	0	429742.1847
74h1	74	6019837.7	18353762.12	9092378.645	10037726.13	813983.3947	8440934.792	0	121058.5108	8922443.425	2908559.486	937645.8857	92562.776	7759132.521	203820.5964	230849.3113	0
74h2	74	6969648.903	20482939.95	7885055.93	7384335.143	2232049.992	12943900.09	260797.8821	5235357.867	9755376.259	2798708.112	803896.2101	132250.3285	5698552.949	341628.8946	436125.7496	752203.9095
74h3	74	954072.7604	0	0	0	0	0	4740638.738	9142349.05	0	0	0	0	0	493993.9702	0	899870.1163
76h1	76	454221.747	0	0	0	0	0	4634255.192	4214701.024	0	0	0	0	0	150040.4004	0	402278.4552
76h2	76	9757864.78	43070170.07	20256027.39	8464451.263	9088913.872	10459712.03	0	1650759.295	4734185.396	3701933.582	1204944.081	184321.0272	9419991.188	275402.5975	313961.3116	602297.7028
76h3	76	464161.223	0	0	0	0	0	3545095.285	4332180.356	0	0	0	0	0	155611.6999	0	0
79h1	79	0	0	0	0	0	0	3837277.87	4025924.04	0	0	0	0	0	117173.3155	0	407401.5698
79h2	79	6280340.076	16763523.4	4587462.957	10473976.78	1924598.635	10733044.51	248258.3417	4085108.699	10062419.03	4015305.595	1056083.411	165791.8476	11232411.31	538472.1993	366650.5383	580444.9516
79h3	79	0	0	0	0	0	0	3378282.777	3348437.511	0	0	0	0	0	127464.7303	0	353615.9586
82h1	82	0	0	0	0	0	0	3682659.196	2859615.798	0	0	0	0	0	0	0	281561.9114
82h2	82	0	0	0	0	0	0	3014576.347	2797541.229	0	0	0	0	0	69492.4272	0	290259.8244
82h3	82	4695169.157	40679280.25	22068656.97	10683317.97	4546136.147	3128875.685	0	2744581.537	8101539.226	6140245.627	2281301.284	143211.7111	8197778.39	176506.0185	232265.2152	0
83h1	83	3817004.609	24906133.23	9243496.497	6984852.5	2098561.509	6081675.051	0	2529005.863	6836078.005	3837489.196	1749110.022	155020.4699	7907506.735	0	188543.5994	0
83h2	83	0	0	0	0	0	0	2997871.444	3989996.129	0	0	0	0	0	146623.9952	0	346703.3188
83h3	83	7705401.735	30491845.72	23580584.36	9352854.098	14403695.84	11168370.91	0	5079859.475	9360576.234	6920187.684	2792359.807	285410.6797	6796793.528	310075.664	431407.6071	678961.8358
84h1	84	0	0	0	0	0	0	2386537.743	3761328.002	0	0	0	0	0	166059.9412	0	424152.2253
84h2	84	8165617.779	34034815.6	12991455.14	6458475.737	3854310.164	6242667.491	0	830817.691	6124603.833	2325545.665	491435.247	201571.9245	7946116.687	198751.6392	414518.7414	486852.15
84h3	84	4031396.564	30118328.06	10897070.18	7229213.89	2861404.143	2023058.418	0	3512404.503	8695420.749	1822203.228	439833.5343	167713.0497	7797863.342	213714.1282	377255.005	0
85h1	85	0	0	0	0	0	0	732878.0021	1003279.215	0	0	0	0	0	0	0	0
85h2	85	4521675.672	55019995.49	22116817.44	11217352.39	6720650.819	9720668.401	175988.5039	3131627.77	8484047.973	0	0	217128.5013	11656435.17	204669.6752	230967.4161	391026.7886
85h3	85	0	0	0	0	0	0	493555.8894	990261.9967	0	0	0	0	0	0	0	0
88h1	88	7261786.07	23640114.18	7617776.022	12020694.13	1617782.63	12823604.74	1052508.711	5670803.493	11815567.92	2548316.243	6182460.892	184887.0198	16418171.08	383600.9687	450058.5391	818091.8239
88h2	88	1140413.199	44137854.73	21952074.51	11875778.37	3238688.254	0	0	288418.3395	618555.0278	365545.2586	2477751.636	201084.2993	1581686.545	118285.1655	522907.042	0
88h3	88	3484643.425	39544653.65	26149376.81	8189919.133	9128688.741	8340097.968	0	266550.6121	7783678.53	312855.4884	1342204.68	154589.509	4580266.013	265953.8555	349594.8521	0
89h1	89	5858155.686	37988464.06	30592638.81	10429759.54	8154458.484	10289834.77	201120.6986	3552852.675	12296978.96	2435521.246	5328734.897	358122.9711	8726125.369	236302.2881	225910.9076	0
89h2	89	10783454.11	26687453.88	23739376.4	8997949.257	7137447.842	11803667.33	0	166955.3305	11647646.96	321899.4193	4531278.436	335305.0739	9589821.535	269715.1261	215633.3907	0
89h3	89	434344.8866	27324458.19	22592670.43	9792253.183	4124370.924	0	0	1547832.484	971319.1118	1657796.703	4350676.706	256393.9079	2621426.396	0	204648.6073	0
91h1	91	2439214.761	16328274.09	10075790.39	4716435.969	999502.6425	2456706.297	0	1875633.102	4409927.723	376112.5155	3394180.378	0	3209811.203	0	132659.1062	0
91h2	91	4137638.546	27749794.5	20409725.96	6434836.95	5983349.801	7461782.116	0	2774857.485	7621254.66	1971573.821	3832088.586	147481.3167	6654850.91	109819.776	206436.6053	0
91h3	91	6456446.21	42168736.9	35303160.13	9753783.394	7246335.288	4992136.955	281159.5639	4484414.325	6884832.56	3455944.316	6729892.639	342232.2799	6622875.678	270640.4285	378845.8213	0
95h1	95	7962309.066	20824131.34	12254152.3	5086895.908	3277456.31	6740013.166	0	276491.9138	7012034.65	1267721.962	4808694.991	126316.9789	7819028.343	97643.07275	264954.3702	0
95h2	95	312319.5521	23776451.82	8998297.882	1855280.246	398505.7153	0	0	740790.7598	193060.629	1636631.691	5025247.416	105898.0144	1736412.65	0	256157.3938	0
95h3	95	2838503.708	20350113.56	12344417.27	645389.5924	2438770.37	3754912.283	0	870721.9581	4452726.157	1805262.41	4572800.239	90762.08509	5318649.861	0	0	0
96h1	96	5003729.398	20267434.51	2760913.279	7777126.207	597582.2506	5542108.26	0	3467154.983	5475675.81	5580059.873	1457891.866	135568.112	9450875.726	216774.7362	483043.8339	544138.6486
96h2	96	734166.8634	36025357.91	5997750.508	8586229.851	0	0	0	881497.1799	145690.117	5636787.908	1508755.137	196802.0717	2026066.704	0	455519.5972	0
96h3	96	4307950.133	64495268.79	20395392.25	9168069.855	3824562.522	1794731.445	0	3739174.633	2383555.118	6010701.903	1781899.101	302783.8909	2463983.688	289517.3419	788421.2437	0
1h1	1	3635019.949	37985860.01	2351535.769	10768412.61	1208828.97	6427375.88	305310.8669	2422260.775	5267226.614	2581509.587	5668132.648	0	12627833.52	165004.0486	234227.2331	461388.9513
1h2	1	2299215.926	35110400.03	1897357.068	8334264.673	70595.44354	3920367.496	0	1770639.866	3710618.324	2032005.186	4642306.752	0	7369075.857	0	114356.4786	0
1h3	1	4756681.574	56299771.01	7645959.169	14438764.13	3841745.239	7828439.182	0	3048230.739	5943958.84	5839533.078	9469498.81	98173.128	12495551.26	237741.7962	232847.522	592751.4826
7h1	7	1027235.22	0	0	0	0	0	1410364.636	7597457.129	0	0	0	0	0	294769.5845	0	785194.909
7h2	7	864483.2796	0	0	0	0	0	0	7380929.331	0	0	0	0	0	262199.5219	0	803368.7373
7h3	7	8170031.643	27746082.63	9563611.212	8142070.064	4934425.983	17297138.4	333762.3138	4721723.028	11961288.97	3076223.869	1555951.519	145565.8967	9614670.62	622779.9381	275832.3054	782972.0168
15h1	15	6328160.442	48743452.48	10727693.05	15295536.35	3635686.522	16794024.72	0	2455404.515	13517557.16	253401.8452	3216812.016	175177.9411	15397966.68	147648.0107	74871.79635	421252.606
15h2	15	797158.0114	0	0	0	0	0	7752310.387	5894913.076	0	0	0	0	0	196008.0693	0	750541.3903
15h3	15	5949196.065	44024718.81	9612857.317	14119393.73	6339783.995	15504533.64	413366.8588	2990678.779	11636377.41	682640.8628	3361925.386	172351.5492	16434350.64	178073.9234	120676.828	0
16h1	16	6252564.546	9696347.75	3669443.723	4162619.977	1668148.467	15401183.69	1345425.273	760844.869	13897811.7	1570042.193	302484.7485	0	7925332.152	0	0	0
16h2	16	678439.0172	0	0	0	0	0	7548762.397	6373465.015	0	0	0	0	0	187954.6095	0	538130.4775
16h3	16	8343404.775	33462654.28	20968516.29	9325312.606	9571965.82	14958888.28	1137245.223	2722693.677	10700497.09	1599757.814	373601.3677	112545.5909	8789403.064	238888.8254	231413.0844	0
22h1	22	5250524.941	28132756.68	7903478.202	6452768.097	2536282.889	13393438.32	0	0	10980055.22	477655.9801	623275.6458	0	7802973.694	0	105248.8908	0
22h2	22	842470.546	0	0	0	0	0	8364422.978	6242724.502	0	0	0	0	0	233003.1947	0	823052.675
22h3	22	7876433.508	47134406	12135519.15	10861905.11	9129184.483	19967674.92	1531346.002	4691884.142	13525501.74	2340469.746	1971577.288	151466.0314	12238288.11	319807.8907	289950.6292	740469.2226
23h1	23	847417.5767	0	0	0	0	0	7116691.323	4690129.993	0	0	0	0	0	153647.8876	0	590250.5679
23h2	23	3748989.767	34284794.65	6869773.31	9572577.087	2654898.428	11404742.5	198679.853	2133762.515	9888304.918	1082429.797	276318.9535	0	10196953.18	0	0	0
23h3	23	2158069.775	39230290.56	7889377.239	13490893.51	4302639.74	2857512.077	0	0	2571958.728	962229.1948	0	0	10594604.99	222277.5978	131155.8442	0
27h1	27	1369444.704	0	0	0	0	0	9797840.666	10463924.73	0	0	0	0	0	480122.6296	0	1376522.208
27h2	27	1017662.48	0	0	0	0	0	7275716.468	7234870.195	0	0	0	0	0	323740.0032	0	927994.8663
27h3	27	5509733.666	22256184.83	12837751.64	8368913.88	5362137.09	9543694.84	86594.11477	324557.0865	8558818.045	5882744.896	1153132.526	205887.0724	8026732.569	0	161465.8414	349802.0238
31h1	31	1314802.654	0	0	0	0	0	10255294.54	9005006.938	0	0	0	0	0	402349.7604	0	1076587.8
31h2	31	901738.7161	0	0	0	0	0	8391981.424	7752697.15	0	0	0	0	0	293157.8852	0	767169.5798
31h3	31	6001643.471	35662725.73	26327455.85	11935503.85	26638158.06	12618439.29	966925.7356	0	9246288.97	0	0	355605.2273	6919144.522	358219.9284	352140.9354	0
1bh1	1B	10096471.53	33513502.8	9201424.887	14196322.52	4786778.142	24265038.76	2101912.363	4260187.598	16689402.1	11293492.91	3252279.576	199965.1085	19383727.51	336882.7672	264082.7202	877543.5999
1bh2	1B	6795159.046	43950824.73	19234893.23	9687972.773	5428364.264	16241993.29	1148688.424	3258756.443	12327624.1	8091471.041	1859158.865	178436.4479	10518712.91	178650.0993	151738.9331	572121.1065
1bh3	1B	17664705.26	91059469.2	29282358.45	4272876.171	17891334.59	26770101.34	2026458.192	1047515.646	17643085.09	12012820.76	824794.1397	286022.9598	21483126.13	442643.9448	333818.3081	1066439.862
2bh1	2B	10283616.15	41248164.22	15970194.24	12101439.88	11012343.63	23236731.03	1614341.534	5765689.583	14543491.42	0	0	242828.499	14394999.17	420140.2079	396865.5596	1032242.091
2bh2	2B	9595732.58	33686477.87	14957618.32	10706793.34	8584577.469	24412133.81	1831423.514	5100556.47	15734994.62	0	0	230645.2887	14157120.95	846288.8263	283392.3129	937093.8541
2bh3	2B	10349897.3	44866748.86	22125187.27	10892599.81	11802329.28	20809261.97	1384775.815	4363922.629	13830835.9	0	0	234016.0017	13005138.37	319545.5079	302306.4776	914990.3494
6bh1	6B	1303444.959	256342.1138	0	0	0	0	10693065.94	7213849.898	0	0	0	0	0	384625.0949	0	1343325.279
6bh2	6B	6439167.662	33805683.82	8124136.364	12865357.92	4194288.923	15851450.78	1298904.073	3678886.179	11651001.46	7320450.426	2058123.688	0	15058555.09	264043.2777	194496.088	586769.511
6bh3	6B	11688290.42	82134283.03	26207206.71	17785257.94	20177017.78	22066587.47	555262.9911	6890637.583	15542636.41	9044381.71	2997355.303	264164.0441	16390356.87	488156.3619	474910.199	1131157.264
9bh1	9B	8239889.666	48264429.16	12363923.54	10559464.08	13334806.72	19277723.85	1499104.831	1572227.673	13028482.35	2922932.084	1852567.161	160328.6196	13351643.92	274790.0246	193384.2687	699095.1291
9bh2	9B	8692117.681	29140538.21	10391558.66	11338901.11	7390843.342	20888757.11	501044.5449	1570511.008	14158774.67	1827025.67	1106958.008	109896.852	13483782.32	557746.3451	215890.0701	721297.679
9bh3	9B	4784793.808	22846353.73	12109882.61	8998659.671	3539116.811	11241571.83	0	2501666.941	5684198.083	958195.6683	849397.0536	0	8212056.42	0	0	0
47h1	47	11053653.18	33704108.3	15722635.36	7513779.127	15425579.68	28535602.78	2600347.502	4640768.958	19294937.81	10567809.09	678598.0111	772686.9573	10736331.58	359538.9943	213929.6845	882476.22
47h2	47	10885881.4	22885953.28	20859071.84	6196181.654	6211035.453	18039479.13	1487580.022	1742817.694	12393495.91	8276748.572	2653212.087	590635.8931	7946309.497	266470.1802	156877.0393	674155.9809
47h3	47	600201.7304	0	0	0	0	0	7688801.126	6263083.897	0	0	0	0	0	211136.5999	0	525740.0291
12bh1	12B	3916619.621	14023614.79	13863711.25	7648485.288	4243173.084	9352187.794	0	3238367.694	9197396.368	3234937.25	1076201.65	279228.0464	8529969.992	283379.7016	0	475376.1697
12bh2	12B	5311615.853	9728680.095	4298818.202	3306006.217	3098385.202	14192078.98	1200957.62	2660875.87	10921627.96	3635363.638	1019520.227	0	6663884.195	154171.5211	0	0
12bh3	12B	1233413.555	0	0	0	0	0	9678814	9137706.097	0	0	0	0	0	431765.7585	0	1036457.198
13bh1	13B	11056363.95	40344169.29	13262699.63	22910803.13	6318271.296	28464225.43	2518578.66	6033770.415	19123354.45	2990726.148	7228859.017	317704.4414	18668085.24	892283.4502	304381.8143	1017717.868
13bh2	13B	12320913.61	45643903.77	14990506.52	11962695.63	12590513.11	29111312.76	2425174.827	1241161.846	18489534.87	1967084.841	5760796.869	356791.6889	13994615.81	400027.0176	323224.6791	1032006.439
13bh3	13B	1087173.433	0	0	0	0	0	9073926.688	8644862.756	0	0	0	0	0	438088.0158	0	978852.1368
14bh1	14B	4769078.283	15444020.05	4041242.187	7323935.803	2525023.103	16250028.43	1652291.701	238750.9135	12231577.24	2106675.017	507552.3979	354220.1725	11678164.51	371688.3932	403646.2028	0
14bh2	14B	1062863.506	0	0	0	0	0	8330848.621	9079386.182	0	0	0	0	0	371372.3627	0	961215.867
14bh3	14B	1071981.099	0	0	0	0	0	5795857.051	8844362.96	0	0	0	0	0	410023.2814	0	927116.9414
15bh1	15B	1546884.892	0	0	0	0	0	7374269.2	11842952.74	0	0	0	0	0	443902.67	0	1622922.988
15bh2	15B	16927795.47	39730044.37	14086777.71	15832058.3	9419334.809	22764262.23	2289830.971	1770951.904	16075124.64	2958732.921	324813.5223	755050.6697	16419619.83	713836.1197	961547.6779	1395307.686
15bh3	15B	15337864.15	35924410.3	14780959.21	15294029.4	10945303.42	20133858.12	1911872.727	9046004.992	12955424.25	3327184.409	1318262.632	636421.0006	14139619.81	0	973361.0784	1346372.266
16bh1	16B	5675589.886	27426972.85	13331740.35	3290230.043	9326343.525	17375260.89	1471381.899	814302.9276	12000581.45	2782232.789	866907.9471	350811.3993	8635768.126	283514.3718	255786.8154	0
16bh2	16B	11110359.08	32037229.89	17263479	13706157.79	12677552.78	24777698.11	2292659.217	6056009.385	19693170.68	3846157.622	1763083.784	338478.2408	10983225.93	372986.4296	291441.6652	939442.3849
16bh3	16B	16139734.59	60306017.5	43293026.75	11490248.92	27384450.76	19978248.73	1584156.669	2537509.159	15597046.38	3772726.05	232418.6309	486316.4268	9279465.649	425554.8031	385208.2992	910544.2332
17bh1	17B	5868012.652	33611348.76	4724327.824	10536030.05	2938663.545	11208102.78	247469.7431	3276753.472	8506010.209	3383723.93	884552.0463	266117.047	12265435.97	245753.174	290662.0218	526959.4927
17bh2	17B	9494065.588	66090527.98	17287747.75	3834556.599	11714838.98	15096107.57	778090.7094	959528.4748	10457416.28	3872928.883	1187783.359	395210.6531	13839234.07	331638.3746	357701.9395	814425.0434
17bh3	17B	7429041.814	80739673.46	26567120.73	7526575.361	8266394.712	8913012.155	0	4697333.867	7950875.571	4107905.989	1197882.487	446249.2934	12687717	301526.4758	430349.038	636719.0574
18bh1	18B	8912735.881	67641331.26	25687123.19	13831569.45	11606575.28	15380496.2	1065112.278	6171357.886	10041440.43	8298347.376	490131.8814	491622.5435	12855878.88	502991.8667	579918.9354	1033224.86
18bh2	18B	1933065.764	277573.1103	0	0	0	0	5741449.045	9119398.567	0	0	0	0	0	423387.7087	0	1426586.225
18bh3	18B	2088760.228	0	0	0	0	0	6891249.416	11350414.52	0	0	0	0	0	596452.6096	0	1830625.734
24bh1	24B	6787041.177	24363491.91	13960979.29	8550877.943	2705895.73	13646846.13	991410.1353	122140.9692	12040322.2	954506.6287	3417283.272	168731.6367	8904520.916	124230.4484	153085.0615	0
24bh2	24B	749224.6419	0	0	0	0	0	8226399.276	6264335.863	0	0	0	0	0	195697.8995	0	621281.9528
24bh3	24B	897928.0147	0	0	0	0	0	9916779.461	8726363.619	0	0	0	0	0	394600.3272	0	839911.0109
25bh1	25B	5853133.662	29370659.64	4800755.556	11143459.97	3028889.352	11825083.01	253165.9704	2578771.132	8107393.141	5045143.097	563204.0348	0	12991890.69	224677.6119	280042.5136	591620.0928
25bh2	25B	0	0	0	0	0	0	673251.3736	406984.1914	0	0	0	0	0	0	0	0
25bh3	25B	3163998.188	44147188.22	9105310.538	11631370.72	2735088.532	7483970.532	0	2008775.508	6005510.464	4480902.537	617750.101	0	10736607.34	198729.6	202979.7967	0
26bh1	26B	8926536.474	25358859.23	9371348.022	13856834.05	2767628.718	20243354.77	1658564.693	1548147.142	17739928.34	3869939.775	1892571.405	198612.0584	16031654.52	468658.608	169875.8068	714525.2279
26bh2	26B	10468441.62	30341214.13	10661193.19	19331580.94	3144467.05	19092372.49	459530.0931	4890745.64	14792228.26	10027258.74	716972.4635	347050.2329	20533580.88	391002.1282	365235.2663	860731.4486
26bh3	26B	7987405.275	78181411.62	28459069.15	3277773.959	30308341.23	14839307.89	901604.3066	4316415.591	9553023.087	6868543.647	3498805.377	288076.5232	8173667.659	299582.8872	230262.9561	671233.0165
29bh1	29B	4517138.16	20346831.58	8808790.396	8079685.346	3162984.307	15733200.76	842255.7732	2018259.566	12327554.84	2482556.901	416498.6608	116911.8509	9414921.91	0	0	0
29bh2	29B	9178161.383	25635567.7	9270292.266	11555015.54	3576156.378	18121859.24	401979.0189	517071.377	11359034.29	5060997.471	0	98370.46333	13328388.58	190009.172	135663.8261	0
29bh3	29B	7415469.892	30938704.34	11415081.76	12209637.48	8667196.695	20029841.72	1489622.032	2856290.536	13961080.12	3515570.536	927425.2741	118649.2	12607058.68	196102.9195	136859.6703	0
30bh1	30B	9583023.89	52438667.75	16754307.49	17937519.71	14625459.31	23645410.22	1901658.332	4159890.588	15527805.86	5123054.946	2412480.736	221457.3994	17280596.93	325200.3868	228263.4921	798124.0037
30bh2	30B	5251182.604	59920231.75	18522766.77	19664830.04	16191356.69	17606763.08	1292487.444	349178.2802	11096700.73	3985934.715	1396758.469	222846.0277	13864701.69	364709.5456	268393.8234	0
30bh3	30B	4376546.707	63169002.68	20990279.7	16953069.26	19587913.52	14007233.87	1112985.874	964963.5814	9761757.446	2685406.572	994012.1532	236451.0349	10896891.27	329768.2837	244614.8173	0
31bh1	31B	927509.631	0	0	0	0	0	9654272.105	7576217.497	0	0	0	0	0	280969.7689	0	0
31bh2	31B	1047869.303	0	0	0	0	0	9634356.76	7956890.997	0	0	0	0	0	314394.3616	0	896192.2142
31bh3	31B	826833.0844	0	0	0	0	0	7960059.933	6790062.546	0	0	0	0	0	282967.8918	0	691775.0583
2h1	2	7609434.66	20768768.94	4672298.166	7129714.021	1949448.383	23909843.19	1773348.047	4245437.84	16858144.1	4099999.848	7486020.929	110614.1205	15014364.79	307568.5508	157726.3607	707298.0182
2h2	2	6389552.676	26052249.6	10524194.53	10122459.86	6263842.715	22799644.95	1570991.707	4381676.862	15263748.59	3628389.087	8237188.03	153013.4759	13564991.3	280441.2856	175678.832	736287.3967
2h3	2	1052159.894	222802.9533	0	0	0	0	9408163.782	8038979.515	0	0	0	0	0	370608.1938	0	0
6h1	6	5855662.715	28400334.49	6933623.332	12828582.95	4030235.103	22767687.58	1650421.167	3149792.273	15759269.84	1457819.271	3895050.176	0	16558514.18	174090.5562	0	0
6h2	6	5224813.146	28902176.65	5802863.024	11116578.18	3164003.683	20172313.17	398630.2557	2822394.066	12151648.85	2151755.594	4306569.332	0	15049304.57	166539.9291	0	432932.9129
6h3	6	512262.4744	0	0	0	0	0	1633940.017	4321400.8	0	0	0	0	0	145036.6017	0	446844.7212
17h1	17	11287136.33	28666396.84	16519226.06	15680747.95	6352205.445	22546204.96	1910402.535	6500859.126	16710462.35	4584666.056	5768153.627	367387.7252	12660020.59	481167.7206	422454.3165	1073855.868
17h2	17	1482615.509	0	0	0	0	0	7160216.867	10093583.82	0	0	0	0	0	426153.7691	0	1239338.285
17h3	17	2068721.731	0	0	0	0	0	7586165.521	13130921.31	0	0	0	0	0	649935.2017	0	1653998.484
19h1	19	901795.505	0	0	0	0	0	9800916.631	6391251.221	0	0	0	0	0	231687.1401	0	740740.5224
19h2	19	762741.098	0	0	0	0	0	7930122.528	6820010.534	0	0	0	0	0	229849.1899	0	677569.2727
19h3	19	775035.5518	0	0	0	0	0	9393347.264	6479850.059	0	0	0	0	0	231471.7473	0	706032.4644
35h1	35	1362774.036	0	0	0	0	0	9162016.251	8202739.053	0	0	0	0	0	319346.9088	0	1107028.577
35h2	35	10448641.96	50988321.47	19433237.4	16143360.57	11256148.86	22919392.25	1695982.626	6087413.579	12517906.25	3210669.478	5923208.982	243931.4642	14731269.58	457630.5275	385323.2862	951113.8082
35h3	35	10392590.92	51770078.12	13922591.87	14581212.86	8605233.121	21902189.4	490944.4013	1140898.149	14477187.68	2789767.754	5978399.813	272089.4178	15624790.46	839259.9461	356789.8728	936626.9965
36h1	36	10733626.11	38610427.6	14186839.12	12185666.97	11863492.57	17593834.07	1525988.423	5048617.685	7724332.108	5540061.13	2206593.755	433829.9689	13245953.47	423139.1087	448977.1428	0
36h2	36	1232295.178	249879.7831	0	0	0	0	8936290.254	9967249.884	0	0	0	0	0	448774.0256	0	0
36h3	36	1167031.353	0	0	0	0	0	7057777.526	8976065.471	0	0	0	0	0	386350.4818	0	1105843.887
37h1	37	1534050.853	0	0	0	0	0	10576292.45	10944303.24	0	0	0	0	0	453084.3163	0	1202476.924
37h2	37	14705110.35	53735203.95	17371906.55	14399518.38	10110917.15	21753383.57	1943507.093	1683748.752	16490812.93	929578.2701	1923804.606	341521.423	13181101.75	689547.9378	772724.055	1324175.556
37h3	37	1626060.932	0	0	0	0	0	9221644.451	10563806.55	0	0	0	0	0	562909.2915	0	1456393.322
3bh1	3B	10622415.27	41281568.77	10539090.4	18947094.54	6292866.692	24307671.78	2126147.639	5996143.827	16665227.01	3372265.403	6902466.133	256202.632	21779442.75	453959.7835	338683.5991	1084595.145
3bh2	3B	19781308.44	76674961.14	23872798.12	19477211.18	14544199.72	23797677.37	1907447.581	1782379.278	16381935.09	1787473.32	5250658.853	302497.2187	15582086.44	582361.6653	0	1255042.858
3bh3	3B	12274731.07	84804407.55	28246071.36	16939975.83	15394589.84	19218517.16	1027331.463	6437904.373	13525312.2	1831539.664	5242578.245	315019.2219	13838140.61	560723.4128	651192.5187	1185260.458
4bh1	4B	9319003.802	17312080.32	15605279.6	10833093.15	11543300.38	19996843.63	2618780.19	1256922.422	6154822.865	12156668.45	6155085.569	326441.5292	1311988.842	265180.0677	0	0
4bh2	4B	10982778.02	22125555.27	18113997.61	9865175.145	12139106.52	24448493.21	2208370.356	4524408.456	18390923.32	8494728.454	3825562.033	246083.0494	10962760.85	330176.9317	191151.4086	779657.4086
4bh3	4B	8497736.553	18448702.81	27054224.27	6915085.386	9958124.839	18973400.72	367977.0575	3940710.434	15822504.05	4641443.269	2331067.568	236660.1994	5910035.668	215356.5211	140406.5032	0
5bh1	5B	9317044.968	46708577.29	11803131.94	14388499.87	8836743.026	16468667.74	1296347.407	5603051.241	11737898.02	6523222.208	3126127.171	235240.8484	14212365.79	425003.7539	433387.1916	853453.7679
5bh2	5B	0	0	0	0	0	0	6380649.853	4092159.632	2641025.478	0	0	0	0	0	0	988410.8344
5bh3	5B	1353685.78	0	0	0	0	0	5259214.927	8049341.171	0	0	0	0	0	392094.5805	0	1119744.31
7bh1	7B	1608684.468	0	0	0	0	0	6069209.011	10070288.69	0	0	0	0	0	453335.6224	0	1922170.93
7bh2	7B	2307849.27	0	0	0	0	0	6803536.428	11067404.86	0	0	0	0	0	512130.3889	0	1956583.282
7bh3	7B	2118703.42	0	0	0	0	0	6078609.914	9419688.915	0	0	0	0	0	454690.1812	0	1637226.871
8bh1	8B	9532415.55	29872019.11	9802132.968	9875465.029	3747215.095	18041117.87	1416497.78	1387039.74	12780660.04	5576614.162	1572191.452	148294.4667	13127731.83	280539.4694	184657.0881	625534.8417
8bh2	8B	5755738.691	16771752.53	6522629.386	7492519.987	988395.5156	7363928.352	518864.8007	857590.2673	6895970.273	2734071.027	674137.4155	0	8431481.012	0	181219.5643	0
8bh3	8B	703695.5171	0	0	0	0	0	6438741.463	6388954.148	0	0	0	0	0	257187.9826	0	652473.8041
42h1	42	14711204.91	48067287.52	14425318.9	13526777.66	6408614.677	30576861.77	2791632.565	3597143.096	20133193.7	8394878.716	11504056.99	584259.9411	18567797.22	640037.7924	615564.2361	1398475.382
42h2	42	2445562.074	0	0	0	0	0	9685879.811	14023745.95	0	0	0	0	0	598258.0982	0	1684803.926
42h3	42	15280376.55	33483702.45	15289925.67	11589273.71	10346434.59	29992308.97	2611803.856	1524417.543	19735719.55	6949100.019	10350312.7	507883.887	16121820.75	617824.4033	530494.0406	1267619.779
48h1	48	1245146.028	0	0	0	0	0	12140241.21	10193444.44	0	0	0	0	0	410951.0331	0	1084463.426
48h2	48	8496925.613	18052432.11	8219059.684	6525703.831	2777447.287	23692281.34	2286593.093	3748580.084	16081311.08	5424597.884	9523750.366	222932.2902	11702736.64	262618.066	152848.2357	641477.2134
48h3	48	1502428.207	0	0	0	0	0	13195745.81	10762078.51	0	0	0	0	0	478424.1457	0	1161936.947
53h1	53	8708467.695	41463713.26	5204668.352	12218338.98	2648924.827	13464270.65	287059.4163	4601980.898	9724024.537	6312013.317	2443619.924	314937.8413	13628143.39	367567.8232	410795.1067	747616.8807
53h2	53	7475478.946	38525096.95	3915015.352	13265539.54	2219400.851	11486707.96	0	4012096.558	8686644.279	2332297.887	1816054.407	252273.765	12957223.78	408457.4255	472638.0277	697927.8424
53h3	53	1536621.227	0	0	0	0	0	5008470.501	7518959.043	0	0	0	0	0	292088.6728	0	884034.2526
65h1	65	1784030.376	0	0	0	0	0	10524551.75	11216095	0	0	0	0	0	449804.7528	0	1281662.783
65h2	65	7962105.628	28090675.55	13846134.13	13180381.26	1417891.256	14928202	307682.9473	4925798.56	12748812.33	4510626.478	1571651.463	217311.1814	14525855.7	398419.0192	316623.9139	694402.4612
65h3	65	653376.1568	0	0	0	0	0	6470779.386	6628280.168	0	0	0	0	0	270481.6313	0	614610.6668
1ch1	1C	8891290.56	26591437.69	10151812.39	8558135.799	2873523.767	11932712.52	312507.3467	1775017.687	8883147.54	3625683.69	7528376.427	272917.0611	10758762.1	280484.5266	305578.1408	618964.5362
1ch2	1C	7324493.184	22987424.15	8732274.598	7652883.318	4333167.011	14351726.47	390755.9495	3599016.305	11714189.68	2870661.487	7358221.511	195493.8668	10266653.15	286237.0065	302775.0236	660635.1441
1ch3	1C	9074325.413	32572403.92	15292450.92	7725849.481	6660984.646	13508356.1	334790.4201	1718476.348	9596861.209	3048471.513	5854207.638	236654.9819	8942641.456	293513.6143	290472.3384	619065.6741
2ch1	2C	8749669.272	16322358.56	7824887.059	6169124.387	5809527.736	22675609.68	2316002.853	5395865.412	17209953.61	9309885.477	2133791.413	707864.3511	11884495.11	345598.5693	211622.5592	778812.5975
2ch2	2C	1104336.543	0	0	0	0	0	9646679.107	8678587.396	0	0	0	0	0	332754.791	0	728738.7811
2ch3	2C	10871711.01	20216274.09	14368860.34	6318779.647	12646480.6	21799174.42	590384.932	1241644.687	14044687.22	6850696.726	1878728.057	417930.6426	7927862.14	399369.405	323399.8511	796625.139
3ch1	3C	8808134.51	43792202.29	9532771.872	10823697.46	5635887.227	15804511.84	1124211.533	5465903.915	10292494.35	0	0	241205.834	12696193.53	373724.2785	438994.4151	871851.46
3ch2	3C	8332040.872	40413704.59	9774805.832	9975911.315	4550850.552	14110706.77	1074492.577	1026597.733	5715078.202	0	0	194016.7379	12371060	575993.406	360324.386	824684.923
3ch3	3C	9626111.765	44645798.32	10704529.51	9814964.188	6419178.937	14510211.31	300122.8661	2157612.999	10036697.48	0	0	277203.7593	11841277.45	1242328.547	466929.8901	901804.3204
4ch1	4C	9023916.167	33183602.54	6871586.016	15608656.3	2969454.073	14722192.47	1172838.892	1670276.166	8984760.181	6131897.504	0	377415.56	17176098.98	348012.8508	386806.1635	818476.5007
4ch2	4C	7161396.336	48755141.05	10754660.01	14910057.19	6640580.153	13979216.74	328236.3741	4263069.025	5602712.217	3203202.122	951323.1085	282135.022	16443044.17	421681.1729	271676.9448	647709.1344
4ch3	4C	0	534680.5977	0	0	0	0	0	393460.268	2347510.894	0	0	0	0	0	0	5956919.592
20bh1	20B	1345460.204	0	0	0	0	0	9466966.867	8370120.684	0	0	0	0	0	354340.2972	0	1026159.032
20bh2	20B	1524960.161	247708.6486	0	0	0	0	10150145.24	9328198.777	0	0	0	0	0	362575.7298	0	1273305.663
20bh3	20B	1492454.502	0	0	0	0	0	9549796.566	9188763.985	0	0	0	0	0	331033.556	0	1161349.126
21bh1	21B	779359.8541	0	0	0	0	0	11570163.12	6343555.292	0	0	0	0	0	233123.9443	0	679627.6975
21bh2	21B	599388.3326	0	0	0	0	0	9088656.137	4350520.24	0	0	0	0	0	131616.9955	0	469074.1016
21bh3	21B	550205.1563	0	0	0	0	0	9544557.392	4707569.834	0	0	0	0	0	143027.0306	0	477823.3303
22bh1	22B	12022599.53	42383578.17	9703824.891	14148866.64	6570145.798	27355677.67	2427392.608	5851947.696	18893755.09	4277586.578	1123270.668	222134.9645	18682441.75	449361.0958	363089.0677	1037088.056
22bh2	22B	3302577.667	27812628.8	6797799.044	9144580.519	4854624.055	5316658.043	0	540905.3196	4017746.413	461748.9318	0	94785.632	3037023.27	276638.1088	0	0
22bh3	22B	9640033.15	29153900.11	8905616.895	9892054.414	6592497.166	21223844.41	1773057.991	881353.2132	15009216.93	4194201.679	972608.4183	95877.984	12037013.5	302574.982	245371.6315	749734.4489
23bh1	23B	1079788.674	0	0	0	0	0	7362075.609	7574095.1	0	0	0	0	0	286086.6602	0	806868.0873
23bh2	23B	8251634.687	21805415.24	7100538.467	2502734.797	3322101.658	15652224.44	1089285.432	1100049.318	11002019.56	5614586.866	270118.7082	0	10009989.53	152210.5204	154420.1696	0
23bh3	23B	618671.9945	0	0	0	0	0	6846704.765	5550732.773	0	0	0	0	0	201649.8873	0	557012.9089
27bh1	27B	947027.8618	0	0	0	0	0	8761035.224	6635488.673	0	0	0	0	0	277102.3814	0	832822.728
27bh2	27B	7090526.943	35706695.77	8356827.82	13896143.4	6199936.306	19678060.93	1531918.163	3632566.575	13389848.58	4246851.809	1975572.805	114895.7861	16281626.77	255250.9574	145940.175	605302.603
27bh3	27B	5309964.205	35856992.9	7979061.351	12324089.99	6114704.89	15187239.18	346489.4893	2755007.653	9241465.564	3667080.887	1725063.741	0	12925939.01	121733.9426	125342.5158	361418.0908
28bh1	28B	7036315.636	20159460.08	8205213.002	10001415.32	3536784.071	23213216.86	555920.731	626041.9182	15218948.39	5911756.835	1912806.146	120430.967	16229839.27	234087.5397	0	986609.1226
28bh2	28B	942500.6865	0	0	0	0	0	7802174.311	6705943.445	0	0	0	0	0	245066.2081	0	678622.4911
28bh3	28B	8255443.57	44050651.31	17498706.32	11562224.05	7774339.708	20583532.62	1368096.71	3476068.458	13677917.12	10070338.49	4633678.161	157636.6868	13384197.58	246027.2401	117050.5267	712422.0869
